tree
version=v4
num_class=1
num_tree_per_iteration=1
label_index=0
max_feature_idx=92
objective=regression
feature_names=return_1d log_return_1d return_2d log_return_2d return_3d log_return_3d return_4d log_return_4d return_5d log_return_5d return_10d log_return_10d return_20d log_return_20d return_60d log_return_60d return_120d log_return_120d momentum_spread_1_3d momentum_spread_2_4d momentum_spread_3_5d momentum_spread_10_60d momentum_spread_20_120d consecutive_day_streak volatility_5d volatility_10d volatility_20d volatility_60d volatility_120d atr_14 parkinson_vol_10d parkinson_vol_20d parkinson_vol_60d garman_klass_vol_10d garman_klass_vol_20d garman_klass_vol_60d price_vs_sma_5d price_vs_sma_10d price_vs_sma_20d price_vs_sma_50d price_vs_sma_100d price_vs_ema_12d price_vs_ema_26d price_vs_ema_50d price_vs_ema_100d macd_line macd_signal macd_hist rsi_2 rsi_14 rsi_28 stochastic_k_5d stochastic_d_5d stochastic_k_14d stochastic_d_14d bollinger_pct_b bollinger_bandwidth williams_r cci volume_ratio_10d volume_ratio_20d volume_ratio_60d dollar_volume obv obv_change_20d volume_zscore_20d overnight_gap day_range_pct body_pct upper_wick_pct lower_wick_pct close_location skew_20d kurtosis_20d max_drawdown_20d return_autocorr_20d sharpe_20d var_5pct_20d skew_60d kurtosis_60d max_drawdown_60d return_autocorr_60d sharpe_60d var_5pct_60d day_of_week day_of_month month day_of_week_seasonality return_rank_5d return_rank_20d beta_60d correlation_60d relative_strength
feature_infos=[-0.44043750892676059:0.39688957999489638] [-0.58060006654086971:0.33424803634556444] [-0.48331613388695671:0.50478476049731902] [-0.66032406903997776:0.40864987169218442] [-0.48482691662911959:0.55183406249365463] [-0.66325235056674836:0.43943749754848055] [-0.48371244879924569:0.58727558900278187] [-0.66109139894880575:0.46201908053417517] [-0.48918128014917017:0.66499208299429102] [-0.67174050739263558:0.5098203684627185] [-0.50282347916026193:0.92553403395927014] [-0.69881014322863577:0.65520334950445047] [-0.52279440752284501:1.537616914185898] [-0.73980786947005839:0.93122541786252488] [-0.53965338523727202:2.5724799804687501] [-0.77577556289163829:1.2732600270185706] [-0.61899343187549927:9.4304003906249996] [-0.96493866483211099:2.3447246566387623] [-0.52056759619797921:0.49443707534545811] [-0.49279676038110742:0.48294541321272677] [-0.50284891720181757:0.47782976204132543] [-2.6557825544096936:0.64511957448548052] [-9.1948754614488237:0.82328925736347069] [-15:13] [0.0044446108788174987:3.1432424672648245] [0.025454985719198346:2.2554094076067157] [0.032454816855844185:1.6509957559968353] [0.054327147477814891:1.3283377464126331] [0.13510944354609103:1.1738072425125063] [0.052857058388846259:261.74720982142856] [0.033713466589592463:1.3607547205566588] [0.037365459012328454:1.188614828478975] [0.053794975837881183:1.0353070132972135] [0.034335085324859543:1.3107846813774513] [0.040238386209321103:1.1447066732958202] [0.052646769704550088:0.98622089342979657] [-0.38334149330965239:0.33061408587563612] [-0.4255071420401928:0.51357952093667869] [-0.45101306753704873:0.7081427633652464] [-0.44274256865383721:1.1620733088225768] [-0.48573797907338401:1.893858740807294] [-0.40014183760023703:0.45039228560649236] [-0.44714296758804017:0.69819760762246341] [-0.4745606532922344:0.97492660633472283] [-0.49835057322402276:1.5265226237313532] [-307.8289035128264:203.6699106987769] [-272.02764468416188:174.71402624064032] [-101.02774836379911:70.937934205442957] [0:100] [5.6962861807282223:98.394003909562159] [4.5558030277625932:87.044050210838634] [0:100] [0:99.571409189993901] [0:100] [0:99.758049469900115] [-0.54294583442182409:1.51856414326398] [0.008194019744937598:1.3929368310193548] [-100:0] [-613.0636898516193:571.1096613190341] [5.5994113898746967e-05:7.4389484507913224] [4.8519735645072311e-05:11.325519097148099] [5.8995346610935293e-05:16.056351708073233] [15509.69970703125:77952284481.781006] [-819107700:4240404500] [-1282624800:1935188200] [-2.9368755170613241:4.2446111010425653] [-0.4344138729811311:0.48749999999999999] [0:0.32549838037486023] [-0.22690985028835836:0.35177309293273495] [0:0.11901988785529263] [0:0.10275430844179123] [0:1] [-4.4243936071642622:4.1397132601809075] [-1.7747285851030123:19.705220620369097] [-0.52765923798543712:0] [-0.78980364681234905:0.75398005714248595] [-19.920744390114365:17.510802878556877] [-0.17027056161791329:-0.0019170545992209574] [-7.4391400339268277:5.4020783022985919] [-1.0528509327582569:56.804385987187594] [-0.56183565095551713:0] [-0.51542095914903296:0.47766491903681207] [-6.4080266638081955:8.0693080643514357] [-0.13998306544888489:-0.0034034463434337693] [0:4] [1:31] [1:12] [-0.3583731788271417:0.35948819527206877] [0.002:1] [0.002008032128514056:1] [-2.710111040835903:6.7872676794379743] [-0.65070208936313567:0.82345889021944052] [-0.81882183730636782:35.232911724337733]
tree_sizes=813 829 824 830 826 826 823 822 823 827 825 826 823 829 824 835 817 833 826 825 833 813 833 831 833 832 831 826 830 832 811 819 826 834 829 815 818 824 830 827 830 821 820 820 818 833 829 823 810 822 814 813 827 812 821 830 812 817 816 808 814 820 832 827 816 831 813 810 815 808 839 832 825 809 813 819 822 823 819 829 801 819 832 812 820 817 830 815 801 816 812 811 817 831 823 822 798 810 824 829

Tree=0
num_leaves=7
num_cat=0
split_feature=85 86 85 28 85 85
split_gain=0.0502435 0.108255 0.0499378 0.0630523 0.0411072 0.0315559
threshold=7.5000000000000009 4.5000000000000009 28.500000000000004 0.5570570942839278 1.5000000000000002 9.5000000000000018
decision_type=2 2 2 10 2 2
left_child=1 4 5 -4 -1 -2
right_child=2 -3 3 -5 -6 -7
leaf_value=0.00079918768659317026 -1.3883230047242827e-05 9.7217527155228243e-05 0.00020902243848213526 0.0012560671356655756 0.00030635238143895927 0.00010070179851849355
leaf_weight=448 6718 12094 6572 147 7616 56890
leaf_count=448 6718 12094 6572 147 7616 56890
internal_value=0.000122241 0.000191833 0.000102294 0.00023193 0.000333732 8.85998e-05
internal_weight=90485 20158 70327 6719 8064 63608
internal_count=90485 20158 70327 6719 8064 63608
is_linear=0
shrinkage=1


Tree=1
num_leaves=7
num_cat=0
split_feature=86 66 86 28 85 86
split_gain=0.0486166 0.0508211 0.0449129 0.0444215 0.0466016 0.0334793
threshold=2.5000000000000004 -0.014434942723951492 3.5000000000000004 0.14567781159820362 5.5000000000000009 4.5000000000000009
decision_type=2 2 2 10 2 2
left_child=3 5 -3 4 -1 -2
right_child=1 2 -4 -5 -6 -7
leaf_value=0.000247127651088316 0.00033307825766544833 -0.00013318289359053609 -1.2314601346271172e-05 0.00042089492564884035 1.9702905094578324e-05 3.2523217549640019e-05
leaf_weight=2688 1612 8806 60416 881 13903 2179
leaf_count=2688 1612 8806 60416 881 13903 2179
internal_value=-2.52357e-12 -1.79286e-05 -2.76907e-05 7.49208e-05 5.65493e-05 0.000160325
internal_weight=90485 73013 69222 17472 16591 3791
internal_count=90485 73013 69222 17472 16591 3791
is_linear=0
shrinkage=0.05


Tree=2
num_leaves=7
num_cat=0
split_feature=85 85 85 50 86 90
split_gain=0.0454738 0.106311 0.102702 0.121964 0.0889805 0.0449166
threshold=10.500000000000002 12.500000000000002 9.5000000000000018 78.374938135022902 3.5000000000000004 0.42743336354014716
decision_type=2 2 2 8 2 8
left_child=2 5 3 -1 -4 -2
right_child=1 -3 4 -5 -6 -7
leaf_value=6.7070683550966297e-05 4.6765075759242191e-07 -1.6255288198717277e-06 -0.00013027863302446415 -0.00020694147293704986 0.00044509902889867145 -0.00029108547053723597
leaf_weight=21890 1807 53307 896 4986 2687 4912
leaf_count=21890 1807 53307 896 4986 2687 4912
internal_value=-3.72253e-12 -2.52494e-05 4.97593e-05 1.62363e-05 0.000301214 -0.000212676
internal_weight=90485 60026 30459 26876 3583 6719
internal_count=90485 60026 30459 26876 3583 6719
is_linear=0
shrinkage=0.05


Tree=3
num_leaves=7
num_cat=0
split_feature=86 85 86 0 85 28
split_gain=0.0437854 0.0486854 0.0584437 0.0432414 0.0380516 0.0309146
threshold=2.5000000000000004 2.5000000000000004 4.5000000000000009 -0.017831713467345685 28.500000000000004 0.28314500998698477
decision_type=2 2 2 10 2 10
left_child=3 2 -2 -1 -3 -5
right_child=1 4 -4 5 -6 -7
leaf_value=0.00025850658921199282 0.00041853602086958862 -3.8806442256222997e-05 2.4450867048604241e-05 2.6621671924023936e-05 9.4811440884443304e-05 0.00049191634461152954
leaf_weight=2617 1344 62710 3136 14489 5823 366
leaf_count=2617 1344 62710 3136 14489 5823 366
internal_value=-1.23669e-12 -1.70144e-05 0.000142676 7.11009e-05 -2.74534e-05 3.80857e-05
internal_weight=90485 73013 4480 17472 68533 14855
internal_count=90485 73013 4480 17472 68533 14855
is_linear=0
shrinkage=0.05


Tree=4
num_leaves=7
num_cat=0
split_feature=85 85 85 50 86 85
split_gain=0.0404414 0.0953529 0.0939918 0.108084 0.0810267 0.0446912
threshold=10.500000000000002 12.500000000000002 9.5000000000000018 78.374938135022902 3.5000000000000004 13.500000000000002
decision_type=2 2 2 8 2 2
left_child=2 -2 3 -1 -4 -3
right_child=1 5 4 -5 -6 -7
leaf_value=6.2709813557620711e-05 -0.00020131488215155343 0.00018170932916623526 -0.00012427529656083689 -0.0001952398504141351 0.00042478440634434266 -1.2882109234924335e-05
leaf_weight=21890 6719 3135 896 4986 2687 50172
leaf_count=21890 6719 3135 896 4986 2687 50172
internal_value=-1.90125e-12 -2.38113e-05 4.69253e-05 1.48553e-05 0.000287481 -1.43813e-06
internal_weight=90485 60026 30459 26876 3583 53307
internal_count=90485 60026 30459 26876 3583 53307
is_linear=0
shrinkage=0.05


Tree=5
num_leaves=7
num_cat=0
split_feature=86 66 86 0 70 28
split_gain=0.0393459 0.043769 0.04017 0.0393516 0.0318039 0.0285077
threshold=2.5000000000000004 -0.014434942723951492 3.5000000000000004 -0.018192788036713144 0.02612715701579817 0.28314500998698477
decision_type=2 2 2 10 2 10
left_child=3 4 -3 -1 -2 -5
right_child=1 2 -4 5 -6 -7
leaf_value=0.00024862845987120907 0.00018939865849540327 -0.00012495512419231558 -1.0646784938394257e-05 2.529015973357709e-05 -0.00037368370703512081 0.00046913761198436504
leaf_weight=2557 3521 8806 60416 14544 270 371
leaf_count=2557 3521 8806 60416 14544 270 371
internal_value=2.23561e-12 -1.61288e-05 -2.51884e-05 6.74e-05 0.000149295 3.63305e-05
internal_weight=90485 73013 69222 17472 3791 14915
internal_count=90485 73013 69222 17472 3791 14915
is_linear=0
shrinkage=0.05


Tree=6
num_leaves=7
num_cat=0
split_feature=85 86 85 28 85 85
split_gain=0.0384217 0.0819385 0.0423164 0.0572819 0.0338187 0.0281547
threshold=7.5000000000000009 4.5000000000000009 28.500000000000004 0.5570570942839278 1.5000000000000002 9.5000000000000018
decision_type=2 2 2 10 2 2
left_child=1 4 5 -4 -1 -2
right_child=2 -3 3 -5 -6 -7
leaf_value=0.00060648896726677652 -0.00012685163755228338 -2.1458781011889656e-05 8.0057063496749778e-05 0.0010780407502086276 0.00015947495950977171 -1.8617749668037854e-05
leaf_weight=448 6718 12094 6572 147 7616 56890
leaf_count=448 6718 12094 6572 147 7616 56890
internal_value=-2.39493e-12 6.08565e-05 -1.74435e-05 0.000101891 0.000184309 -3.00489e-05
internal_weight=90485 20158 70327 6719 8064 63608
internal_count=90485 20158 70327 6719 8064 63608
is_linear=0
shrinkage=0.05


Tree=7
num_leaves=7
num_cat=0
split_feature=85 0 87 0 86 66
split_gain=0.0357025 0.0409441 0.0357926 0.0336429 0.0299582 0.031895
threshold=2.5000000000000004 -0.028336245654074162 0.005624437770570717 0.048329351154061902 4.5000000000000009 0.01357916073398311
decision_type=2 8 10 10 2 2
left_child=4 2 -2 -3 5 -1
right_child=1 3 -4 -5 -6 -7
leaf_value=0.00031240213135874922 8.0669343012855542e-05 -2.2385255701895625e-05 0.00050694665799761493 0.00018789632750171084 2.5210322076761183e-05 -0.0004803955499557089
leaf_weight=2105 5195 77420 544 1950 3136 135
leaf_count=2105 5195 77420 544 1950 3136 135
internal_value=2.41354e-12 -7.89355e-06 0.000121076 -1.7219e-05 0.000124965 0.000264622
internal_weight=90485 85109 5739 79370 5376 2240
internal_count=90485 85109 5739 79370 5376 2240
is_linear=0
shrinkage=0.05


Tree=8
num_leaves=7
num_cat=0
split_feature=85 85 50 85 86 90
split_gain=0.0341219 0.087124 0.0921129 0.0855269 0.0726428 0.0413945
threshold=10.500000000000002 9.5000000000000018 78.374938135022902 12.500000000000002 3.5000000000000004 0.65829109768908667
decision_type=2 2 8 2 2 8
left_child=1 2 -1 5 -3 -2
right_child=3 4 -4 -5 -6 -7
leaf_value=5.6404717592397068e-05 -2.3926941079793192e-05 -0.00011516853996751714 -0.00018172502337370161 -6.828385185566815e-07 0.00040471002039428367 -0.0002827340944422177
leaf_weight=21890 2408 896 4986 53307 2687 4311
leaf_count=21890 2408 896 4986 53307 2687 4311
internal_value=3.1649e-12 4.31033e-05 1.22272e-05 -2.18719e-05 0.000274704 -0.000189981
internal_weight=90485 30459 26876 60026 3583 6719
internal_count=90485 30459 26876 60026 3583 6719
is_linear=0
shrinkage=0.05


Tree=9
num_leaves=7
num_cat=0
split_feature=86 85 86 28 85 0
split_gain=0.0339891 0.037564 0.0423968 0.0367044 0.0313672 0.0313619
threshold=2.5000000000000004 2.5000000000000004 4.5000000000000009 0.36837489018734637 28.500000000000004 -0.018192788036713144
decision_type=2 2 2 10 2 10
left_child=3 2 -2 5 -3 -1
right_child=1 4 -4 -5 -6 -7
leaf_value=0.00021827636593854712 0.0003602356545101094 -3.4467958543163944e-05 2.4584585853646151e-05 0.00070000816358596867 8.6847483879230782e-05 2.6666272952720263e-05
leaf_weight=2497 1344 62710 3136 223 5823 14752
leaf_count=2497 1344 62710 3136 223 5823 14752
internal_value=-3.96615e-13 -1.49907e-05 0.00012528 6.26442e-05 -2.41602e-05 5.44041e-05
internal_weight=90485 73013 4480 17472 68533 17249
internal_count=90485 73013 4480 17472 68533 17249
is_linear=0
shrinkage=0.05


Tree=10
num_leaves=7
num_cat=0
split_feature=77 86 85 86 68 87
split_gain=0.0323779 0.0296156 0.0387198 0.030279 0.0268219 0.0357612
threshold=-0.052614487357216348 2.5000000000000004 5.5000000000000009 3.5000000000000004 -0.069588601143611969 0.005624437770570717
decision_type=8 2 2 2 2 10
left_child=4 2 -2 -3 5 -1
right_child=1 3 -4 -5 -6 -7
leaf_value=0.00025728101282867204 0.00023396314497523639 -0.00010863682442050964 1.9862737301239743e-05 -9.4222876507101637e-06 9.3208416535511452e-05 0.0017277518014076313
leaf_weight=144 2503 8826 13509 59752 5693 58
leaf_count=144 2503 8826 13509 59752 5693 58
internal_value=-9.75847e-13 -7.89566e-06 5.3331e-05 -2.21912e-05 0.000113298 0.000679495
internal_weight=90485 84590 16012 68578 5895 202
internal_count=90485 84590 16012 68578 5895 202
is_linear=0
shrinkage=0.05


Tree=11
num_leaves=7
num_cat=0
split_feature=67 87 71 85 84 86
split_gain=0.0297152 0.0396008 0.0448922 0.0313038 0.02895 0.0282569
threshold=0.067841635584737769 0.0054984787848107218 0.43492061185283698 3.5000000000000004 1.0000000180025095e-35 4.5000000000000009
decision_type=2 8 10 2 2 2
left_child=3 -2 -3 5 -5 -1
right_child=1 2 -4 4 -6 -7
leaf_value=0.00021156900022728032 3.0123840615624878e-05 0.00087767801649255971 0.00015705601491528646 4.8464045750883085e-05 -2.8878438954990981e-05 1.5437899157788893e-05
leaf_weight=2979 1927 347 573 14866 65005 4788
leaf_count=2979 1927 347 573 14866 65005 4788
internal_value=3.33584e-12 0.000158973 0.000428856 -5.16438e-06 -1.44831e-05 9.06632e-05
internal_weight=90485 2847 920 87638 79871 7767
internal_count=90485 2847 920 87638 79871 7767
is_linear=0
shrinkage=0.05


Tree=12
num_leaves=7
num_cat=0
split_feature=77 86 85 86 68 87
split_gain=0.0281601 0.0264564 0.0328123 0.0277101 0.0231649 0.030346
threshold=-0.052614487357216348 2.5000000000000004 5.5000000000000009 3.5000000000000004 -0.069588601143611969 0.005624437770570717
decision_type=8 2 2 2 2 10
left_child=4 2 -2 -3 5 -1
right_child=1 3 -4 -5 -6 -7
leaf_value=0.00024291076517278678 0.00021678795824649151 -0.0001035721996186291 1.9696004005798672e-05 -8.6597723367887851e-06 8.6991148872086392e-05 0.0015974802951577345
leaf_weight=144 2503 8826 13509 59752 5693 58
leaf_count=144 2503 8826 13509 59752 5693 58
internal_value=2.70693e-12 -7.36344e-06 5.05055e-05 -2.0875e-05 0.000105661 0.000631847
internal_weight=90485 84590 16012 68578 5895 202
internal_count=90485 84590 16012 68578 5895 202
is_linear=0
shrinkage=0.05


Tree=13
num_leaves=7
num_cat=0
split_feature=85 85 50 85 84 85
split_gain=0.0271453 0.0821867 0.0786936 0.0764429 0.0662253 0.0406563
threshold=10.500000000000002 9.5000000000000018 78.374938135022902 12.500000000000002 1.5000000000000002 13.500000000000002
decision_type=2 2 8 2 2 2
left_child=1 2 -1 -2 -3 -5
right_child=3 4 -4 5 -6 -7
leaf_value=4.9289607916557854e-05 -0.00017843920263928943 -1.4063030694038454e-05 -0.00017081189921664184 0.00017520827144825341 0.00042993273990330963 -1.0391152296579466e-05
leaf_weight=21890 6719 1344 4986 3135 2239 50172
leaf_count=21890 6719 1344 4986 3135 2239 50172
internal_value=1.26676e-12 3.84451e-05 8.45667e-06 -1.95082e-05 0.000263388 5.24003e-07
internal_weight=90485 30459 26876 60026 3583 53307
internal_count=90485 30459 26876 60026 3583 53307
is_linear=0
shrinkage=0.05


Tree=14
num_leaves=7
num_cat=0
split_feature=85 28 87 85 85 85
split_gain=0.0260361 0.0487206 0.0413473 0.0372657 0.0741735 0.0574763
threshold=28.500000000000004 0.42466348960157402 0.0023148674173722691 10.500000000000002 9.5000000000000018 12.500000000000002
decision_type=2 10 10 2 2 2
left_child=3 -2 -3 4 -1 -5
right_child=1 2 -4 5 -6 -7
leaf_value=8.0338344982104585e-06 6.006630377892073e-05 0.00016481069059900142 0.0011649559522059958 -0.00016951724143369652 0.00025021846879965629 -1.3088243340658241e-05
leaf_weight=26876 6302 228 189 6719 3583 46588
leaf_count=26876 6302 228 189 6719 3583 46588
internal_value=4.70506e-13 9.47003e-05 0.000618114 -7.59606e-06 3.65229e-05 -3.28051e-05
internal_weight=90485 6719 417 83766 30459 53307
internal_count=90485 6719 417 83766 30459 53307
is_linear=0
shrinkage=0.05


Tree=15
num_leaves=7
num_cat=0
split_feature=85 86 85 34 8 84
split_gain=0.0256188 0.0566673 0.0354641 0.0387585 0.0337315 0.0312583
threshold=7.5000000000000009 4.5000000000000009 16.500000000000004 0.56398807796424399 -0.10136918245675534 3.5000000000000004
decision_type=2 2 2 10 10 2
left_child=1 5 4 -4 -2 -1
right_child=2 -3 3 -5 -6 -7
leaf_value=0.00010833399716829413 0.00014692747032852559 -1.8761285936730794e-05 6.9462304624097101e-06 0.00029669883344030827 -7.1469949564619958e-05 0.00037247967092659856
leaf_weight=6720 1893 12094 40473 1188 26773 1344
leaf_count=6720 1893 12094 40473 1188 26773 1344
internal_value=-1.23945e-12 4.96933e-05 -1.42437e-05 1.52088e-05 -5.70478e-05 0.000152358
internal_weight=90485 20158 70327 41661 28666 8064
internal_count=90485 20158 70327 41661 28666 8064
is_linear=0
shrinkage=0.05


Tree=16
num_leaves=7
num_cat=0
split_feature=0 66 84 85 0 77
split_gain=0.0245445 0.0318578 0.04177 0.0285143 0.027056 0.020406
threshold=-0.032332909411366899 -0.014434942723951492 3.5000000000000004 2.5000000000000004 0.048329351154061902 -0.046877274255765523
decision_type=8 2 2 2 10 8
left_child=1 2 -1 5 -5 -2
right_child=3 -3 -4 4 -6 -7
leaf_value=0.00022319910741585631 0.00044725707163894082 6.4448712143441131e-05 0.0012461437071496304 -1.7880751215722631e-05 0.00017065588826452045 7.8781509912556762e-05
leaf_weight=409 408 4079 132 78756 1950 4751
leaf_count=409 408 4079 132 78756 1950 4751
internal_value=8.76427e-13 0.000112265 0.00047279 -6.04048e-06 -1.33254e-05 0.000107922
internal_weight=90485 4620 541 85865 80706 5159
internal_count=90485 4620 541 85865 80706 5159
is_linear=0
shrinkage=0.05


Tree=17
num_leaves=7
num_cat=0
split_feature=86 28 66 86 70 67
split_gain=0.0236883 0.0356896 0.0316567 0.0337705 0.0305126 0.0262841
threshold=2.5000000000000004 0.14567781159820362 -0.014434942723951492 3.5000000000000004 0.0090342468650686878 0.11450562794335843
decision_type=2 10 2 2 2 2
left_child=1 5 4 -4 -2 -1
right_child=2 -3 3 -5 -6 -7
leaf_value=3.0831498270072321e-05 0.00025792546548128378 0.00036240846219670787 -0.00011169465167381097 -6.8863472770651486e-06 -2.6904548379053726e-05 0.00082821168314414816
leaf_weight=16487 2064 881 8806 60416 1727 104
leaf_count=16487 2064 881 8806 60416 1727 104
internal_value=1.41673e-12 5.22971e-05 -1.25147e-05 -2.02194e-05 0.00012817 3.58298e-05
internal_weight=90485 17472 73013 69222 3791 16591
internal_count=90485 17472 73013 69222 3791 16591
is_linear=0
shrinkage=0.05


Tree=18
num_leaves=7
num_cat=0
split_feature=85 87 68 85 36 84
split_gain=0.0235786 0.0446685 0.0416761 0.0368898 0.0445753 0.0228157
threshold=28.500000000000004 0.0059079863886507987 -0.025312286739432682 26.500000000000004 0.024131642922577527 1.0000000180025095e-35
decision_type=2 10 2 2 10 2
left_child=3 -2 -3 5 -5 -1
right_child=1 2 -4 4 -6 -7
leaf_value=5.6034100055569569e-05 4.4765692960024807e-05 0.001665757244649845 0.00034013205229146276 -0.00019502883066861444 0.00027022438761446522 -1.2094277283448843e-05
leaf_weight=15232 5979 65 675 4346 584 63604
leaf_count=15232 5979 65 675 4346 584 63604
internal_value=1.97158e-12 9.01202e-05 0.000456572 -7.22868e-06 -0.000139916 1.06889e-06
internal_weight=90485 6719 740 83766 4930 78836
internal_count=90485 6719 740 83766 4930 78836
is_linear=0
shrinkage=0.05


Tree=19
num_leaves=7
num_cat=0
split_feature=0 85 28 91 66 0
split_gain=0.0219752 0.0291478 0.0288885 0.025726 0.0325937 0.0239071
threshold=-0.027461042574620172 3.5000000000000004 0.56690333742627097 0.37594029119275957 -0.021015448646740854 0.048329351154061902
decision_type=8 2 10 8 2 10
left_child=3 2 -2 -1 -5 -3
right_child=1 5 -4 4 -6 -7
leaf_value=-3.8792742114755211e-05 7.195935684255936e-05 -2.0436987934204024e-05 0.00070971581654193474 0.00068007005794849351 0.00012772388721066629 0.00015921026146329743
leaf_weight=2429 7285 74724 182 288 3678 1899
leaf_count=2429 7285 74724 182 288 3678 1899
internal_value=6.25355e-13 -6.79511e-06 8.7504e-05 8.93512e-05 0.000167834 -1.59847e-05
internal_weight=90485 84090 7467 6395 3966 76623
internal_count=90485 84090 7467 6395 3966 76623
is_linear=0
shrinkage=0.05


Tree=20
num_leaves=7
num_cat=0
split_feature=86 28 66 86 70 51
split_gain=0.0217608 0.0326888 0.0270555 0.0305446 0.0288708 0.0244131
threshold=2.5000000000000004 0.14567781159820362 -0.014434942723951492 3.5000000000000004 0.02612715701579817 72.243275417926199
decision_type=2 10 2 2 2 10
left_child=1 5 4 -4 -2 -1
right_child=2 -3 3 -5 -6 -7
leaf_value=7.9938292879710494e-05 0.00015627443798543042 0.00034691259282806561 -0.00010611401663908213 -6.4372952551591672e-06 -0.00038021522154007539 -4.6354458231237999e-05
leaf_weight=10604 3521 881 8806 60416 270 5987
leaf_count=10604 3521 881 8806 60416 270 5987
internal_value=4.00276e-13 5.01243e-05 -1.19947e-05 -1.91176e-05 0.000118065 3.43645e-05
internal_weight=90485 17472 73013 69222 3791 16591
internal_count=90485 17472 73013 69222 3791 16591
is_linear=0
shrinkage=0.05


Tree=21
num_leaves=7
num_cat=0
split_feature=85 28 85 36 86 21
split_gain=0.0216439 0.0427165 0.033894 0.0399602 0.0252756 0.0222138
threshold=28.500000000000004 0.5570570942839278 26.500000000000004 0.025212605369481559 9.5000000000000018 -0.27990789529677185
decision_type=2 10 2 10 2 10
left_child=2 4 -1 -4 -2 -3
right_child=1 5 3 -5 -6 -7
leaf_value=1.0277388164301406e-06 0.00014906196744091463 0.0016489760374702935 -0.00018419222843136853 0.00027050607443123104 -5.037955826240918e-05 0.00040436114179422426
leaf_weight=78836 3884 62 4387 543 2688 85
leaf_count=78836 3884 62 4387 543 2688 85
internal_value=-5.53388e-13 8.63437e-05 -6.92577e-06 -0.000134111 6.74888e-05 0.000929301
internal_weight=90485 6719 83766 4930 6572 147
internal_count=90485 6719 83766 4930 6572 147
is_linear=0
shrinkage=0.05


Tree=22
num_leaves=7
num_cat=0
split_feature=77 50 85 85 54 24
split_gain=0.0204115 0.0267919 0.113452 0.0404193 0.0258054 0.0226239
threshold=-0.0506731237070309 18.364503504393024 9.5000000000000018 10.500000000000002 10.743821608359447 0.58999952576558867
decision_type=10 10 2 2 10 8
left_child=4 2 -2 -3 5 -1
right_child=1 3 -4 -5 -6 -7
leaf_value=-7.4182112180296792e-05 -0.00031744503507672941 5.1562423679811597e-05 0.00028414454559858748 -2.9515374418760998e-05 0.00011628519244313836 0.00010611577739308328
leaf_weight=5092 2666 22460 1110 48708 7806 2643
leaf_count=5092 2666 22460 1110 48708 7806 2643
internal_value=6.34342e-13 -1.08141e-05 -0.000140601 -3.92793e-06 5.21492e-05 -1.25755e-05
internal_weight=90485 74944 3776 71168 15541 7735
internal_count=90485 74944 3776 71168 15541 7735
is_linear=0
shrinkage=0.05


Tree=23
num_leaves=7
num_cat=0
split_feature=85 87 28 85 22 84
split_gain=0.0196107 0.0391762 0.0374542 0.0301174 0.0379542 0.0200929
threshold=28.500000000000004 0.0059079863886507987 0.32720380172924568 26.500000000000004 -0.024877598113897333 1.0000000180025095e-35
decision_type=2 10 10 2 10 2
left_child=3 -2 -3 5 -5 -1
right_child=1 2 -4 4 -6 -7
leaf_value=5.2486259271191436e-05 3.9713582164069133e-05 0.00024376598454775805 0.0011221241258146406 -0.00020876783958413792 0.00010741762217929637 -1.1447932408211947e-05
leaf_weight=15232 5979 587 153 3647 1283 63604
leaf_count=15232 5979 587 153 3647 1283 63604
internal_value=4.26123e-13 8.21883e-05 0.000425372 -6.59245e-06 -0.000126483 9.04871e-07
internal_weight=90485 6719 740 83766 4930 78836
internal_count=90485 6719 740 83766 4930 78836
is_linear=0
shrinkage=0.05


Tree=24
num_leaves=7
num_cat=0
split_feature=86 28 85 86 0 60
split_gain=0.0198366 0.0304768 0.0244673 0.0323674 0.0234772 0.0219059
threshold=2.5000000000000004 0.14567781159820362 2.5000000000000004 4.5000000000000009 -0.018192788036713144 1.0913428125934141
decision_type=2 10 2 2 10 8
left_child=1 4 3 -2 -1 -4
right_child=2 -3 5 -5 -6 -7
leaf_value=0.00017625650843070391 0.00030704749824643669 0.00033442753955637201 -4.0940432073019369e-05 1.3772477027426283e-05 8.0071246978082025e-06 1.7325683135319252e-05
leaf_weight=2429 1344 881 42553 3136 14162 25980
leaf_count=2429 1344 881 42553 3136 14162 25980
internal_value=-1.24315e-13 4.78568e-05 -1.14521e-05 0.000101755 3.26396e-05 -1.88525e-05
internal_weight=90485 17472 73013 4480 16591 68533
internal_count=90485 17472 73013 4480 16591 68533
is_linear=0
shrinkage=0.05


Tree=25
num_leaves=7
num_cat=0
split_feature=0 91 66 85 38 84
split_gain=0.0181176 0.0241972 0.0286084 0.0232267 0.0269263 0.0221537
threshold=-0.029116114628411568 0.37594029119275957 -0.021015448646740854 3.5000000000000004 0.14232106107061929 1.0000000180025095e-35
decision_type=8 8 2 2 10 2
left_child=1 -1 -3 4 -2 -5
right_child=3 2 -4 5 -6 -7
leaf_value=-4.6356224727279904e-05 9.2498781634939642e-05 0.0006652564701461846 0.00012610135804214649 4.1733896290045473e-05 -0.00053857435004934454 -2.6833493457164103e-05
leaf_weight=2140 7361 266 3279 14502 173 62764
leaf_count=2140 7361 266 3279 14502 173 62764
internal_value=3.17373e-14 8.64102e-05 0.000166557 -5.79295e-06 7.80077e-05 -1.39641e-05
internal_weight=90485 5685 3545 84800 7534 77266
internal_count=90485 5685 3545 84800 7534 77266
is_linear=0
shrinkage=0.05


Tree=26
num_leaves=7
num_cat=0
split_feature=86 28 0 66 84 86
split_gain=0.0180552 0.0275704 0.0227832 0.0221294 0.0288443 0.0282279
threshold=2.5000000000000004 0.36837489018734637 -0.018192788036713144 -0.014434942723951492 3.5000000000000004 3.5000000000000004
decision_type=2 10 10 2 2 2
left_child=1 2 -1 4 -2 -5
right_child=3 -3 -4 5 -6 -7
leaf_value=0.0001781885779488311 5.0246853413685904e-05 0.00059805266851989446 1.4874205583587206e-05 -0.00010099984796629527 0.00044364873502532272 -5.1777450302875995e-06
leaf_weight=2497 3247 223 14752 8806 544 60416
leaf_count=2497 3247 223 14752 8806 544 60416
internal_value=4.96593e-13 4.56574e-05 3.85159e-05 -1.09258e-05 0.000106699 -1.73676e-05
internal_weight=90485 17472 17249 73013 3791 69222
internal_count=90485 17472 17249 73013 3791 69222
is_linear=0
shrinkage=0.05


Tree=27
num_leaves=7
num_cat=0
split_feature=85 28 87 85 36 85
split_gain=0.0181067 0.0368501 0.0318312 0.0278413 0.0353904 0.0178854
threshold=28.500000000000004 0.42466348960157402 -0.0005668058796175938 26.500000000000004 0.024131642922577527 19.500000000000004
decision_type=2 10 10 2 10 2
left_child=3 -2 -3 5 -5 -1
right_child=1 2 -4 4 -6 -7
leaf_value=-1.3292336065774771e-05 4.8853089847787618e-05 -5.1691965629727949e-05 0.00085990712402987364 -0.00017071326291563001 0.00024384437702897372 4.0910935010169021e-05
leaf_weight=58232 6302 149 268 4346 584 20604
leaf_count=58232 6302 149 268 4346 584 20604
internal_value=5.00667e-13 7.89738e-05 0.00053418 -6.33461e-06 -0.000121605 8.73834e-07
internal_weight=90485 6719 417 83766 4930 78836
internal_count=90485 6719 417 83766 4930 78836
is_linear=0
shrinkage=0.05


Tree=28
num_leaves=7
num_cat=0
split_feature=85 86 85 14 85 90
split_gain=0.017163 0.0454088 0.0321325 0.111253 0.0873621 0.0295189
threshold=7.5000000000000009 4.5000000000000009 9.5000000000000018 -0.13416109272971974 10.500000000000002 1.8734049586330275
decision_type=2 2 2 10 2 8
left_child=1 -1 3 -2 -4 -3
right_child=2 5 4 -5 -6 -7
leaf_value=0.00013257604456725039 -0.0003850759237354851 -9.7539983599752593e-05 0.00023916344089412587 3.8011353794192116e-05 -1.4991057536814935e-05 5.8708316276855597e-05
leaf_weight=8064 2440 6139 3583 4278 60026 5955
leaf_count=8064 2440 6139 3583 4278 60026 5955
internal_value=-6.48077e-14 4.06738e-05 -1.16584e-05 -0.000115655 -6.74914e-07 -2.06044e-05
internal_weight=90485 20158 70327 6718 63609 12094
internal_count=90485 20158 70327 6718 63609 12094
is_linear=0
shrinkage=0.05


Tree=29
num_leaves=7
num_cat=0
split_feature=77 50 85 85 54 24
split_gain=0.0173808 0.0232808 0.102865 0.0319464 0.0221214 0.0209414
threshold=-0.052614487357216348 18.364503504393024 11.500000000000002 10.500000000000002 10.743821608359447 0.88314063573336965
decision_type=10 10 2 2 10 8
left_child=4 2 -2 -3 5 -1
right_child=1 3 -4 -5 -6 -7
leaf_value=-6.6151471017263669e-05 -0.00025169906131999165 4.5754401006493571e-05 0.00042955340626447258 -2.5997773443709688e-05 0.00011176088842645503 0.00011272919221337775
leaf_weight=5230 3115 22668 674 49146 7271 2381
leaf_count=5230 3115 22668 674 49146 7271 2381
internal_value=4.54768e-13 -9.72249e-06 -0.000130516 -3.34929e-06 4.93918e-05 -1.0191e-05
internal_weight=90485 75603 3789 71814 14882 7611
internal_count=90485 75603 3789 71814 14882 7611
is_linear=0
shrinkage=0.05


Tree=30
num_leaves=7
num_cat=0
split_feature=85 87 68 85 18 16
split_gain=0.0166951 0.0344289 0.0338502 0.0243987 0.0351843 0.022098
threshold=28.500000000000004 0.0072956237990578852 -0.049588604818718858 26.500000000000004 0.091260275404962024 0.97480438340045072
decision_type=2 10 2 2 10 10
left_child=3 5 -3 -1 -5 -2
right_child=1 2 -4 4 -6 -7
leaf_value=6.6542301560994394e-07 3.6617617014124125e-05 0.0022179354232950851 0.00036901206201285031 -0.00010371696449488213 -0.0018504496828396005 0.001624103504317728
leaf_weight=78836 6154 26 517 4901 29 22
leaf_count=78836 6154 26 517 4901 29 22
internal_value=6.00465e-13 7.58328e-05 0.000457542 -6.08267e-06 -0.000113992 4.22725e-05
internal_weight=90485 6719 543 83766 4930 6176
internal_count=90485 6719 543 83766 4930 6176
is_linear=0
shrinkage=0.05


Tree=31
num_leaves=7
num_cat=0
split_feature=0 18 16 65 84 86
split_gain=0.0160091 0.0252422 0.0345689 0.0256566 0.0171839 0.041869
threshold=0.056687900079928639 -0.04061004560526426 0.83783781596057416 0.80512686642912301 1.0000000180025095e-35 11.500000000000002
decision_type=10 10 10 10 2 2
left_child=4 2 -2 -3 5 -1
right_child=1 3 -4 -5 -6 -7
leaf_value=7.2312181370935531e-05 2.8142318072366906e-05 0.00054173642562370687 -0.0013142318482762981 5.9914368530489697e-05 -1.3404917109130843e-05 -0.00015962788985349522
leaf_weight=14988 239 501 60 616 71845 2236
leaf_count=14988 239 501 60 616 71845 2236
internal_value=5.1218e-13 0.0001668 -0.00024123 0.000276023 -2.65176e-06 4.2202e-05
internal_weight=90485 1416 299 1117 89069 17224
internal_count=90485 1416 299 1117 89069 17224
is_linear=0
shrinkage=0.05


Tree=32
num_leaves=7
num_cat=0
split_feature=86 28 68 85 77 85
split_gain=0.0153376 0.027588 0.0218673 0.0200065 0.0299906 0.0206073
threshold=2.5000000000000004 0.98470610403359748 -0.069588601143611969 2.5000000000000004 -0.046877274255765523 19.500000000000004
decision_type=2 8 2 2 8 2
left_child=1 -1 -3 4 -2 -5
right_child=3 2 -4 5 -6 -7
leaf_value=0.00031311636635543433 0.00049880286490349042 0.0007502616939641135 2.2955001792587495e-05 -3.7889340271918738e-05 5.1128410383190316e-05 1.8818824180849763e-05
leaf_weight=891 412 104 16477 43000 4068 25533
leaf_count=891 412 104 16477 43000 4068 25533
internal_value=2.54491e-13 4.20812e-05 2.75168e-05 -1.007e-05 9.22985e-05 -1.67619e-05
internal_weight=90485 17472 16581 73013 4480 68533
internal_count=90485 17472 16581 73013 4480 68533
is_linear=0
shrinkage=0.05


Tree=33
num_leaves=7
num_cat=0
split_feature=77 50 85 85 54 6
split_gain=0.0149903 0.020785 0.0935462 0.0289931 0.0187532 0.0202584
threshold=-0.052614487357216348 18.364503504393024 9.5000000000000018 10.500000000000002 10.743821608359447 -0.14373487199445981
decision_type=10 10 2 2 10 10
left_child=4 2 -2 -3 -1 -6
right_child=1 3 -4 -5 5 -7
leaf_value=-8.9901121351392702e-06 -0.00028359078052827045 4.3771660312764297e-05 0.00026157325593640913 -2.4583486704607611e-05 0.00075309268953387186 9.2575199347688273e-05
leaf_weight=7611 2674 22668 1115 49146 118 7153
leaf_count=7611 2674 22668 1115 49146 118 7153
internal_value=-1.49637e-13 -9.02916e-06 -0.000123164 -3.00727e-06 4.58696e-05 0.000103295
internal_weight=90485 75603 3789 71814 14882 7271
internal_count=90485 75603 3789 71814 14882 7271
is_linear=0
shrinkage=0.05


Tree=34
num_leaves=7
num_cat=0
split_feature=85 28 87 85 22 85
split_gain=0.0148352 0.0316387 0.0363784 0.0228082 0.0336081 0.0166555
threshold=28.500000000000004 0.34154984455234477 0.0005925369915299783 26.500000000000004 -0.063742682421660465 19.500000000000004
decision_type=2 10 10 2 10 2
left_child=3 -2 -3 5 -5 -1
right_child=1 2 -4 4 -6 -7
leaf_value=-1.2879849419936583e-05 3.1228657093242394e-05 2.1546760913900539e-05 0.00069065319020937142 -0.00019722568874337606 8.5468327969986024e-05 3.9426560559050653e-05
leaf_weight=58232 5906 397 416 3410 1520 20604
leaf_count=58232 5906 397 416 3410 1520 20604
internal_value=-4.17318e-13 7.14842e-05 0.000363919 -5.73386e-06 -0.000110066 7.90571e-07
internal_weight=90485 6719 813 83766 4930 78836
internal_count=90485 6719 813 83766 4930 78836
is_linear=0
shrinkage=0.05


Tree=35
num_leaves=7
num_cat=0
split_feature=40 85 66 85 86 85
split_gain=0.0143985 0.017733 0.0179389 0.01458 0.0365662 0.0290467
threshold=-0.32657400986076857 21.500000000000004 -0.011497510352128813 7.5000000000000009 4.5000000000000009 16.500000000000004
decision_type=8 2 2 2 2 2
left_child=1 2 -1 4 -2 -5
right_child=3 -3 -4 5 -6 -7
leaf_value=-0.0011225970612545296 0.00011926248697131621 0.0012680828372443407 0.00040931642320536621 -5.0443111610800427e-05 -1.8364048379554183e-05 1.5019225629573938e-05
leaf_weight=23 8038 48 113 28600 12079 41584
leaf_count=23 8038 48 113 28600 12079 41584
internal_value=1.76949e-13 0.000441853 0.000150243 -9.00333e-07 3.66264e-05 -1.16567e-05
internal_weight=90485 184 136 90301 20117 70184
internal_count=90485 184 136 90301 20117 70184
is_linear=0
shrinkage=0.05


Tree=36
num_leaves=7
num_cat=0
split_feature=0 82 91 85 28 85
split_gain=0.01409 0.0213252 0.0230018 0.0184922 0.0248274 0.0188974
threshold=-0.027461042574620172 5.0594395937588601 0.37594029119275957 3.5000000000000004 0.65742061688714437 16.500000000000004
decision_type=8 10 8 2 10 2
left_child=1 2 -1 4 -2 -5
right_child=3 -3 -4 5 -6 -7
leaf_value=-4.2926335315224712e-05 5.8066506500095198e-05 -0.0011253467148619805 0.00015298964159605582 -3.8032600632670801e-05 0.00078609854715045726 1.16368233400542e-05
leaf_weight=2417 7348 37 3941 37637 119 38986
leaf_count=2417 7348 37 3941 37637 119 38986
internal_value=2.01364e-13 7.15467e-05 7.8512e-05 -5.44109e-06 6.9669e-05 -1.27607e-05
internal_weight=90485 6395 6358 84090 7467 76623
internal_count=90485 6395 6358 84090 7467 76623
is_linear=0
shrinkage=0.05


Tree=37
num_leaves=7
num_cat=0
split_feature=0 18 16 65 84 86
split_gain=0.0137512 0.0229485 0.0314338 0.0230027 0.0151322 0.0377968
threshold=0.056687900079928639 -0.04061004560526426 0.83783781596057416 0.80512686642912301 1.0000000180025095e-35 11.500000000000002
decision_type=10 10 10 10 2 2
left_child=4 2 -2 -3 5 -1
right_child=1 3 -4 -5 -6 -7
leaf_value=6.8241840893851674e-05 2.2407411120660086e-05 0.00051032938971041868 -0.0012576498025252175 5.4106447778217622e-05 -1.2548485721662848e-05 -0.00015213046174879382
leaf_weight=14988 239 501 60 616 71845 2236
leaf_count=14988 239 501 60 616 71845 2236
internal_value=2.36023e-13 0.000154591 -0.00023446 0.000258733 -2.45766e-06 3.96334e-05
internal_weight=90485 1416 299 1117 89069 17224
internal_count=90485 1416 299 1117 89069 17224
is_linear=0
shrinkage=0.05


Tree=38
num_leaves=7
num_cat=0
split_feature=86 28 51 2 86 84
split_gain=0.0131473 0.024882 0.0212427 0.0176165 0.0171108 0.0542754
threshold=2.5000000000000004 0.14567781159820362 72.243275417926199 -0.014207413481401364 3.5000000000000004 1.0000000180025095e-35
decision_type=2 10 10 10 2 2
left_child=1 2 -1 -3 5 -2
right_child=4 3 -4 -5 -6 -7
leaf_value=6.7722850085415986e-05 0.00014575596727248858 0.00074538194121487322 -5.0084233327387397e-05 0.00018618199115516169 2.3858958056928638e-07 -0.00013422876880401935
leaf_weight=10604 2240 176 5987 705 63157 7616
leaf_count=10604 2240 176 5987 705 63157 7616
internal_value=-1.28067e-13 3.89609e-05 2.52112e-05 0.000297895 -9.32333e-06 -7.05959e-05
internal_weight=90485 17472 16591 881 73013 9856
internal_count=90485 17472 16591 881 73013 9856
is_linear=0
shrinkage=0.05


Tree=39
num_leaves=7
num_cat=0
split_feature=85 85 85 84 85 90
split_gain=0.0129691 0.0666662 0.0617143 0.058247 0.0523126 0.0398484
threshold=10.500000000000002 9.5000000000000018 8.5000000000000018 1.5000000000000002 12.500000000000002 0.076609732455420229
decision_type=2 2 2 2 2 8
left_child=1 2 -1 -3 5 -2
right_child=4 3 -4 -5 -6 -7
leaf_value=2.9280666796317594e-05 0.00015273510728808657 -3.1035869739747836e-05 -0.00019361888573416077 0.00038535733206385684 3.0874010275042695e-06 -0.00019476458414979724
leaf_weight=23293 963 1344 3583 2239 53307 5756
leaf_count=23293 963 1344 3583 2239 53307 5756
internal_value=1.12585e-13 2.65735e-05 -4.35403e-07 0.000229166 -1.34842e-05 -0.000144959
internal_weight=90485 30459 26876 3583 60026 6719
internal_count=90485 30459 26876 3583 60026 6719
is_linear=0
shrinkage=0.05


Tree=40
num_leaves=7
num_cat=0
split_feature=77 50 85 85 0 18
split_gain=0.0130088 0.0188562 0.0859921 0.025033 0.0162403 0.0320994
threshold=-0.052614487357216348 18.364503504393024 11.500000000000002 10.500000000000002 0.048329351154061902 -0.037458354347418725
decision_type=10 10 2 2 10 10
left_child=4 2 -2 -3 -1 -6
right_child=1 3 -4 -5 5 -7
leaf_value=3.1048372434634766e-05 -0.00022792089317338025 4.0791408475239049e-05 0.00039495666766549707 -2.27242235746109e-05 -0.00027778175580546905 0.00048055105178992712
leaf_weight=14173 3115 22668 674 49146 191 518
leaf_count=14173 3115 22668 674 49146 191 518
internal_value=-1.3342e-12 -8.41128e-06 -0.000117121 -2.67559e-06 4.27307e-05 0.000276261
internal_weight=90485 75603 3789 71814 14882 709
internal_count=90485 75603 3789 71814 14882 709
is_linear=0
shrinkage=0.05


Tree=41
num_leaves=7
num_cat=0
split_feature=85 87 86 85 51 22
split_gain=0.0128448 0.0294173 0.0305243 0.0216106 0.0337741 0.0164824
threshold=28.500000000000004 0.0059079863886507987 9.5000000000000018 26.500000000000004 65.727635058799919 0.23897380631022044
decision_type=2 10 2 2 10 10
left_child=3 -2 -3 5 -5 -1
right_child=1 2 -4 4 -6 -7
leaf_value=5.373351048281876e-06 2.9709922508005074e-05 0.00064886108452437278 2.0169693772266644e-06 -0.00020999232249136683 5.9226128494858239e-05 -0.00011892384860685984
leaf_weight=76072 5979 414 326 3042 1888 2764
leaf_count=76072 5979 414 326 3042 1888 2764
internal_value=-2.57938e-13 6.65161e-05 0.0003639 -5.33536e-06 -0.000106892 1.01548e-06
internal_weight=90485 6719 740 83766 4930 78836
internal_count=90485 6719 740 83766 4930 78836
is_linear=0
shrinkage=0.05


Tree=42
num_leaves=7
num_cat=0
split_feature=0 85 85 85 85 38
split_gain=0.0129837 0.0200517 0.0738522 0.0333248 0.0167112 0.0257865
threshold=-0.020864836366171809 7.5000000000000009 5.5000000000000009 9.5000000000000018 3.5000000000000004 0.14232106107061929
decision_type=8 2 2 2 2 10
left_child=1 2 -1 -3 5 -2
right_child=4 3 -4 -5 -6 -7
leaf_value=3.5177478964815385e-06 8.1242377691371917e-05 -0.00033307932119363426 0.00060174258528328337 4.4076589711749413e-05 -1.3902101112427557e-05 -0.00054750692006400969
leaf_weight=1795 6932 638 724 7143 73086 167
leaf_count=1795 6932 638 724 7143 73086 167
internal_value=7.97015e-14 5.28457e-05 0.000175457 1.31518e-05 -6.78818e-06 6.64514e-05
internal_weight=90485 10300 2519 7781 80185 7099
internal_count=90485 10300 2519 7781 80185 7099
is_linear=0
shrinkage=0.05


Tree=43
num_leaves=7
num_cat=0
split_feature=40 85 66 59 66 70
split_gain=0.0127503 0.0159305 0.0165214 0.0118658 0.0174992 0.0162707
threshold=-0.32657400986076857 22.500000000000004 -0.011497510352128813 1.0734178827769147 -0.019681049644554357 0.042641528387424014
decision_type=8 2 2 10 2 2
left_child=1 2 -1 5 -5 -2
right_child=3 -3 -4 4 -6 -7
leaf_value=-0.001073114531865703 -1.2074458444655043e-05 0.0012334643149127563 0.00039381079540331052 0.00021441461340809321 1.7681485027345306e-05 -0.00061260089753411998
leaf_weight=23 61631 45 116 1179 27378 113
leaf_count=23 61631 45 116 1179 27378 113
internal_value=-1.25238e-13 0.000415795 0.000151082 -8.47237e-07 2.58038e-05 -1.31735e-05
internal_weight=90485 184 139 90301 28557 61744
internal_count=90485 184 139 90301 28557 61744
is_linear=0
shrinkage=0.05


Tree=44
num_leaves=7
num_cat=0
split_feature=67 87 71 22 18 22
split_gain=0.012039 0.0301729 0.0339905 0.022889 0.0107898 0.0472456
threshold=0.067841635584737769 0.0054984787848107218 0.43492061185283698 -0.014874652154645949 0.091260275404962024 -0.52387432097265496
decision_type=2 8 10 8 10 8
left_child=4 3 -3 -2 -1 -6
right_child=1 2 -4 -5 5 -7
leaf_value=-1.8866003515164436e-06 -0.00032807226915028051 0.00072730615697646789 0.00010025827986224093 8.2455455240818982e-05 -0.0017576086385499524 -8.436513323426067e-05
leaf_weight=87083 440 347 573 1487 46 509
leaf_count=87083 440 347 573 1487 46 509
internal_value=2.84558e-13 0.000101188 0.000336764 -1.12821e-05 -3.28719e-06 -0.000223048
internal_weight=90485 2847 920 1927 87638 555
internal_count=90485 2847 920 1927 87638 555
is_linear=0
shrinkage=0.05


Tree=45
num_leaves=7
num_cat=0
split_feature=86 28 4 76 85 41
split_gain=0.0118145 0.0227821 0.0203231 0.0164499 0.0293838 0.0208344
threshold=2.5000000000000004 0.98470610403359748 0.048238712831312321 0.3270347342637252 2.5000000000000004 -0.078600888291724555
decision_type=2 8 10 10 2 2
left_child=1 -1 -3 4 -2 -5
right_child=3 2 -4 5 -6 -7
leaf_value=0.00028323225042778134 0.00017456421521461121 4.2328137380230461e-05 -0.00014077969679389575 0.0014062034562230112 7.6630748705564999e-07 -3.7795354383601782e-05
leaf_weight=891 2591 14894 1687 25 39623 30774
leaf_count=891 2591 14894 1687 25 39623 30774
internal_value=-1.58448e-14 3.69334e-05 2.36982e-05 -8.83815e-06 1.14336e-05 -3.66232e-05
internal_weight=90485 17472 16581 73013 42214 30799
internal_count=90485 17472 16581 73013 42214 30799
is_linear=0
shrinkage=0.05


Tree=46
num_leaves=7
num_cat=0
split_feature=0 18 77 22 0 82
split_gain=0.0120305 0.0201574 0.0234958 0.0228718 0.0136676 0.0194289
threshold=0.026679544456098773 -0.04061004560526426 -0.052614487357216348 -0.57037926252644666 -0.020864836366171809 5.0594395937588601
decision_type=10 10 8 8 8 10
left_child=4 3 -3 -2 5 -1
right_child=1 2 -4 -5 -6 -7
leaf_value=5.3200171505568941e-05 -0.00071548092735635891 0.00031884203209837816 5.3987998319873082e-05 -4.6614908346973062e-05 -1.3086681575115833e-05 -0.00094480107749850327
leaf_weight=10251 147 994 5314 979 72751 49
leaf_count=10251 147 994 5314 979 72751 49
internal_value=5.01955e-13 6.09375e-05 9.57231e-05 -0.000133936 -5.45459e-06 4.84524e-05
internal_weight=90485 7434 6308 1126 83051 10300
internal_count=90485 7434 6308 1126 83051 10300
is_linear=0
shrinkage=0.05


Tree=47
num_leaves=7
num_cat=0
split_feature=85 28 87 85 51 22
split_gain=0.0117542 0.027146 0.0206273 0.0197548 0.0306885 0.0149953
threshold=28.500000000000004 0.6429707662246561 0.0046336181144538075 26.500000000000004 65.727635058799919 0.24381850501841448
decision_type=2 10 10 2 10 10
left_child=3 2 -2 5 -5 -1
right_child=1 -3 -4 4 -6 -7
leaf_value=5.0256361801655096e-06 1.5746447288598349e-05 0.00093603544992220127 0.00026625766732147395 -0.00020048002989545805 5.6146164664654471e-05 -0.00011622980428235471
leaf_weight=76198 5670 88 961 3042 1888 2638
leaf_count=76198 5670 88 961 3042 1888 2638
internal_value=4.33191e-14 6.36296e-05 5.20519e-05 -5.10383e-06 -0.000102202 9.68202e-07
internal_weight=90485 6719 6631 83766 4930 78836
internal_count=90485 6719 6631 83766 4930 78836
is_linear=0
shrinkage=0.05


Tree=48
num_leaves=7
num_cat=0
split_feature=27 86 68 70 87 66
split_gain=0.0114012 0.0340699 0.0378494 0.0279459 0.0125973 0.0267236
threshold=0.66881503904341388 5.5000000000000009 -0.011335872601818 0.042641528387424014 0.022382005484658744 0.021012318193745105
decision_type=10 2 2 2 10 2
left_child=4 2 -2 -3 -1 -6
right_child=1 3 -4 -5 5 -7
leaf_value=-1.0066372383820277e-06 0.00058637128021267883 -0.00011110461723582376 6.6318665119535387e-05 -0.0015620102986161199 -0.00010470152436221149 -0.0010719041345579126
leaf_weight=87403 522 641 1061 35 744 79
leaf_count=87403 522 641 1061 35 744 79
internal_value=1.83028e-13 0.000110917 0.000237808 -0.000186225 -2.84e-06 -0.000197544
internal_weight=90485 2259 1583 676 88226 823
internal_count=90485 2259 1583 676 88226 823
is_linear=0
shrinkage=0.05


Tree=49
num_leaves=7
num_cat=0
split_feature=0 84 2 26 84 86
split_gain=0.0111153 0.0201379 0.0250574 0.0174215 0.0127794 0.0339164
threshold=0.056687900079928639 3.5000000000000004 -0.030218989670470594 0.76707783296907606 1.0000000180025095e-35 11.500000000000002
decision_type=10 2 10 10 2 2
left_child=4 2 -2 -3 5 -1
right_child=1 3 -4 -5 -6 -7
leaf_value=6.3571223259161638e-05 -0.0017064285812375603 0.00029649482651290614 7.8986743010366983e-05 0.0012274831530825695 -1.1482818836317276e-05 -0.00014518233209059872
leaf_weight=14988 20 201 1128 67 71845 2236
leaf_count=14988 20 201 1128 67 71845 2236
internal_value=-1.52124e-13 0.000138987 4.78819e-05 0.000529242 -2.20958e-06 3.64711e-05
internal_weight=90485 1416 1148 268 89069 17224
internal_count=90485 1416 1148 268 89069 17224
is_linear=0
shrinkage=0.05


Tree=50
num_leaves=7
num_cat=0
split_feature=40 59 61 85 85 85
split_gain=0.0109678 0.0150265 0.0138198 0.0104484 0.0608775 0.0461017
threshold=-0.32657400986076857 1.8256648960044752 1.3545665737560546 10.500000000000002 9.5000000000000018 12.500000000000002
decision_type=8 10 10 2 2 2
left_child=1 2 -1 4 -2 -5
right_child=3 -3 -4 5 -6 -7
leaf_value=0.00070252265763378501 -2.7418563289592143e-06 0.0014521678903942562 -0.00024148944392523151 -0.00013657919275535528 0.00021690625999998216 2.6551977159804862e-06
leaf_weight=72 26825 28 84 6693 3575 53208
leaf_count=72 26825 28 84 6693 3575 53208
internal_value=2.81006e-13 0.000385637 0.000194208 -7.85785e-07 2.30885e-05 -1.29021e-05
internal_weight=90485 184 156 90301 30400 59901
internal_count=90485 184 156 90301 30400 59901
is_linear=0
shrinkage=0.05


Tree=51
num_leaves=7
num_cat=0
split_feature=85 28 51 85 18 70
split_gain=0.0106342 0.0253019 0.0310163 0.0180479 0.0304449 0.0141258
threshold=28.500000000000004 0.34154984455234477 14.89822848210652 26.500000000000004 0.091260275404962024 0.027613836648598337
decision_type=2 10 10 2 10 2
left_child=3 5 -3 -1 -5 -2
right_child=1 2 -4 4 -6 -7
leaf_value=9.4919814295300777e-07 3.4671255117231493e-05 0.00094352151365388159 0.00016857199620999997 -8.810537026960458e-05 -0.0017129406055981487 -0.00056468520515772977
leaf_weight=78836 5806 161 652 4901 29 100
leaf_count=78836 5806 161 652 4901 29 100
internal_value=-2.2693e-13 6.05222e-05 0.000322037 -4.85458e-06 -9.76632e-05 2.4523e-05
internal_weight=90485 6719 813 83766 4930 5906
internal_count=90485 6719 813 83766 4930 5906
is_linear=0
shrinkage=0.05


Tree=52
num_leaves=7
num_cat=0
split_feature=86 84 85 85 86 84
split_gain=0.0105994 0.0214104 0.0487154 0.0315877 0.0159488 0.0458399
threshold=2.5000000000000004 2.5000000000000004 12.500000000000002 12.500000000000002 3.5000000000000004 1.0000000180025095e-35
decision_type=2 2 2 2 2 2
left_child=1 3 -3 -1 5 -2
right_child=4 2 -4 -5 -6 -7
leaf_value=-0.00011172703622368171 0.00013130275162212562 0.00026916966437203393 4.5534477263737948e-06 6.8040286654465145e-05 8.6021592565011843e-07 -0.00012600599939609398
leaf_weight=4480 2240 2688 4928 5376 63157 7616
leaf_count=4480 2240 2688 4928 5376 63157 7616
internal_value=4.02819e-13 3.49825e-05 9.79474e-05 -1.36721e-05 -8.37132e-06 -6.75267e-05
internal_weight=90485 17472 7616 9856 73013 9856
internal_count=90485 17472 7616 9856 73013 9856
is_linear=0
shrinkage=0.05


Tree=53
num_leaves=7
num_cat=0
split_feature=31 18 85 59 70 84
split_gain=0.0105281 0.0274938 0.0313114 0.0244288 0.0116459 0.0326101
threshold=0.58244796977343438 -0.0660393177630995 1.5000000000000002 1.9160382135893579 0.022143514651862452 3.5000000000000004
decision_type=10 10 2 10 2 2
left_child=4 3 -3 -2 -1 -6
right_child=1 2 -4 -5 5 -7
leaf_value=5.4278861358881474e-07 -0.00029560130196712648 0.0016029326770550167 0.00017002843161342848 0.0011739608117689688 -0.00018177550835156493 0.00027216572873908551
leaf_weight=85450 493 39 1699 30 2296 478
leaf_count=85450 493 39 1699 30 2296 478
internal_value=4.34205e-15 0.000106537 0.000202182 -0.000211305 -2.73032e-06 -0.000103555
internal_weight=90485 2261 1738 523 88224 2774
internal_count=90485 2261 1738 523 88224 2774
is_linear=0
shrinkage=0.05


Tree=54
num_leaves=7
num_cat=0
split_feature=59 70 21 67 66 21
split_gain=0.0103387 0.0160484 0.0233671 0.0233558 0.0133051 0.0314816
threshold=1.0734178827769147 0.042641528387424014 -0.2228203406221734 0.07341151129519799 -0.019681049644554357 -0.14563126340407886
decision_type=8 2 10 2 2 10
left_child=1 3 -3 -1 5 -2
right_child=4 2 -4 -5 -6 -7
leaf_value=-1.4470576959135033e-05 0.00042583572553929672 -0.0011134374880372253 0.00058555940673353946 0.00034208416959493861 1.6193888503676241e-05 -8.3034591849688512e-05
leaf_weight=57229 641 73 28 463 31473 578
leaf_count=57229 641 73 28 463 31473 578
internal_value=8.12036e-14 -1.27115e-05 -0.000642428 -1.16091e-05 2.24715e-05 0.00018455
internal_weight=90485 57793 101 57692 32692 1219
internal_count=90485 57793 101 57692 32692 1219
is_linear=0
shrinkage=0.05


Tree=55
num_leaves=7
num_cat=0
split_feature=0 18 20 77 85 85
split_gain=0.00982597 0.0180501 0.0222482 0.0200929 0.013529 0.0317066
threshold=0.026679544456098773 -0.04061004560526426 0.091996557396673909 -0.0506731237070309 7.5000000000000009 9.5000000000000018
decision_type=10 10 10 8 2 2
left_child=4 2 -2 -3 -1 -6
right_child=1 3 -4 -5 5 -7
leaf_value=3.3000102088380971e-05 -8.3465734710949212e-05 0.00028542960901449137 -0.0012062487940926552 4.7656701740120791e-05 -0.00012502891935476661 -4.468834357960329e-06
leaf_weight=18323 1080 1070 46 5238 6012 58716
leaf_count=18323 1080 1070 46 5238 6012 58716
internal_value=-2.58753e-13 5.5072e-05 -0.000129334 8.79891e-05 -4.92956e-06 -1.56666e-05
internal_weight=90485 7434 1126 6308 83051 64728
internal_count=90485 7434 1126 6308 83051 64728
is_linear=0
shrinkage=0.05


Tree=56
num_leaves=7
num_cat=0
split_feature=8 16 71 42 86 18
split_gain=0.00988122 0.0299804 0.0280656 0.0257417 0.012299 0.0244755
threshold=-0.10136918245675534 1.1906069394066192 0.38422010766905806 0.11132656865794423 2.5000000000000004 0.091260275404962024
decision_type=10 10 10 2 2 10
left_child=1 3 -3 -1 -2 -6
right_child=4 2 -4 -5 5 -7
leaf_value=6.9889470845512042e-05 3.4587948104105207e-05 0.0021211854637573093 -0.000239288984448649 -0.0017284667771309615 -1.115594263300228e-05 -0.00052447480620724412
leaf_weight=3931 16983 34 20 20 69264 233
leaf_count=3931 16983 34 20 20 69264 233
internal_value=-1.91155e-13 7.67792e-05 0.00124694 6.07862e-05 -3.55574e-06 -1.28769e-05
internal_weight=90485 4005 54 3951 86480 69497
internal_count=90485 4005 54 3951 86480 69497
is_linear=0
shrinkage=0.05


Tree=57
num_leaves=7
num_cat=0
split_feature=85 87 36 16 85 22
split_gain=0.0095758 0.0239109 0.0272799 0.0169635 0.0162795 0.030515
threshold=28.500000000000004 0.0072956237990578852 -0.026157286887018402 0.97480438340045072 26.500000000000004 -0.024877598113897333
decision_type=2 10 10 10 2 10
left_child=4 3 -3 -2 -1 -6
right_child=1 2 -4 -5 5 -7
leaf_value=9.054395216354447e-07 2.4508981565367157e-05 0.0011868966655662195 0.00022073675915730987 0.0014153928786981851 -0.00016653305185554743 0.00011697735008324533
leaf_weight=78836 6154 87 456 22 3647 1283
leaf_count=78836 6154 87 456 22 3647 1283
internal_value=2.00386e-13 5.74316e-05 0.000375536 2.94636e-05 -4.60668e-06 -9.27513e-05
internal_weight=90485 6719 543 6176 83766 4930
internal_count=90485 6719 543 6176 83766 4930
is_linear=0
shrinkage=0.05


Tree=58
num_leaves=7
num_cat=0
split_feature=40 85 66 85 85 85
split_gain=0.00952296 0.0138926 0.014843 0.00906566 0.0558775 0.0419254
threshold=-0.32657400986076857 21.500000000000004 -0.011497510352128813 10.500000000000002 9.5000000000000018 11.500000000000002
decision_type=8 2 2 2 2 2
left_child=1 2 -1 4 -2 -5
right_child=3 -3 -4 5 -6 -7
leaf_value=-0.0010565785410226848 -3.2406405012834348e-06 0.0010906497217850605 0.00033689037377331038 -0.00019028723516389292 0.00020719410865954448 -2.2028943933450423e-06
leaf_weight=23 26825 48 113 3126 3575 56775
leaf_count=23 26825 48 113 3126 3575 56775
internal_value=2.55788e-13 0.00035934 0.00010123 -7.32201e-07 2.15062e-05 -1.20183e-05
internal_weight=90485 184 136 90301 30400 59901
internal_count=90485 184 136 90301 30400 59901
is_linear=0
shrinkage=0.05


Tree=59
num_leaves=7
num_cat=0
split_feature=68 70 90 20 70 84
split_gain=0.00918151 0.0229528 0.0234897 0.0155665 0.0111583 0.047923
threshold=-0.069588601143611969 0.0034012387321068266 3.4239942463846407 0.0058824873737527992 0.027613836648598337 3.5000000000000004
decision_type=2 2 10 10 2 2
left_child=1 3 -3 -1 -2 -6
right_child=4 2 -4 -5 5 -7
leaf_value=-0.0010609314675093628 1.4060166951772474e-06 0.00033572317598975544 0.0020390708269339732 0.00033740880596323065 -0.00025224594681630343 0.00045925318868316904
leaf_weight=48 88470 253 22 34 1372 286
leaf_count=48 88470 253 22 34 1372 286
internal_value=-2.14024e-13 0.000253066 0.000471991 -0.000481132 -1.0024e-06 -0.000129514
internal_weight=90485 357 275 82 90128 1658
internal_count=90485 357 275 82 90128 1658
is_linear=0
shrinkage=0.05


Tree=60
num_leaves=7
num_cat=0
split_feature=0 48 22 66 84 86
split_gain=0.00912219 0.018502 0.0313557 0.0251141 0.0113848 0.0302998
threshold=0.056687900079928639 87.069088879064097 -0.92567659787037992 -0.03246039398215559 1.0000000180025095e-35 11.500000000000002
decision_type=10 8 8 2 2 2
left_child=4 3 -3 -2 5 -1
right_child=1 2 -4 -5 -6 -7
leaf_value=6.0121860709442462e-05 0.0019377336170388543 -0.00095927547190512998 7.9039269901175587e-05 0.00028298204667906831 -1.0754310635136638e-05 -0.00013718813470679268
leaf_weight=14988 24 80 798 514 71845 2236
leaf_count=14988 24 80 798 514 71845 2236
internal_value=1.10052e-13 0.000125911 -1.5568e-05 0.0003568 -2.0017e-06 3.45073e-05
internal_weight=90485 1416 878 538 89069 17224
internal_count=90485 1416 878 538 89069 17224
is_linear=0
shrinkage=0.05


Tree=61
num_leaves=7
num_cat=0
split_feature=0 85 85 85 85 38
split_gain=0.00902709 0.0176298 0.0666569 0.0283901 0.013265 0.0231723
threshold=-0.020864836366171809 7.5000000000000009 5.5000000000000009 9.5000000000000018 3.5000000000000004 0.14232106107061929
decision_type=8 2 2 2 2 10
left_child=1 2 -1 -3 5 -2
right_child=4 3 -4 -5 -6 -7
leaf_value=-4.3163229704839749e-06 7.3613337569371857e-05 -0.00031272515080846665 0.00056401973888891882 3.5387770933890394e-05 -1.1998240390498144e-05 -0.0005224131002610383
leaf_weight=1795 6932 638 724 7143 73086 167
leaf_count=1795 6932 638 724 7143 73086 167
internal_value=-3.99007e-13 4.4064e-05 0.000159032 6.84439e-06 -5.66015e-06 5.95921e-05
internal_weight=90485 10300 2519 7781 80185 7099
internal_count=90485 10300 2519 7781 80185 7099
is_linear=0
shrinkage=0.05


Tree=62
num_leaves=7
num_cat=0
split_feature=85 86 35 86 86 34
split_gain=0.00913471 0.0499175 0.091203 0.0311652 0.0503128 0.0339056
threshold=19.500000000000004 10.500000000000002 0.5586891074289525 4.5000000000000009 3.5000000000000004 0.30901601316788962
decision_type=2 2 8 2 2 10
left_child=3 -2 -3 4 -1 -5
right_child=1 2 -4 5 -6 -7
leaf_value=-7.6698542019917081e-06 -7.8535007088491275e-06 1.8157780091938606e-05 0.00044236343545231318 -1.2721801675436568e-05 0.00016778795784258536 -0.00012516241661860876
leaf_weight=17024 26429 3961 1863 26902 5376 8930
leaf_count=17024 26429 3961 1863 26902 5376 8930
internal_value=5.67032e-13 2.13464e-05 0.000153854 -1.18232e-05 3.444e-05 -4.07441e-05
internal_weight=90485 32253 5824 58232 22400 35832
internal_count=90485 32253 5824 58232 22400 35832
is_linear=0
shrinkage=0.05


Tree=63
num_leaves=7
num_cat=0
split_feature=77 50 85 85 85 85
split_gain=0.00931569 0.0178475 0.07806 0.0177567 0.0142317 0.0404916
threshold=-0.052614487357216348 18.364503504393024 11.500000000000002 10.500000000000002 10.500000000000002 11.500000000000002
decision_type=10 10 2 2 2 2
left_child=4 2 -2 -3 -1 -6
right_child=1 3 -4 -5 5 -7
leaf_value=0.00010835175092973508 -0.00021844599286051735 3.5070971859322553e-05 0.00037500861153522223 -1.8423024635481199e-05 -0.0003659433319521514 2.9934291141531397e-05
leaf_weight=4680 3115 22668 674 49146 693 9509
leaf_count=4680 3115 22668 674 49146 693 9509
internal_value=-2.69754e-14 -7.11787e-06 -0.00011288 -1.53771e-06 3.616e-05 3.04317e-06
internal_weight=90485 75603 3789 71814 14882 10202
internal_count=90485 75603 3789 71814 14882 10202
is_linear=0
shrinkage=0.05


Tree=64
num_leaves=7
num_cat=0
split_feature=85 87 66 90 85 22
split_gain=0.00900279 0.0220907 0.0287879 0.0160785 0.0142869 0.0285968
threshold=28.500000000000004 0.0032548737710978658 0.010989500097542218 2.8717790325989143 26.500000000000004 0.15952519269640056
decision_type=2 10 2 10 2 10
left_child=4 3 -3 -2 -1 -6
right_child=1 2 -4 -5 5 -7
leaf_value=6.970375640977574e-07 1.492915519070992e-05 0.0001256656455654756 0.00070867695558905221 -0.00096732486539015871 -0.00012543921515781632 0.00029061476315261675
leaf_weight=78836 5174 1248 255 42 4475 455
leaf_count=78836 5174 1248 255 42 4475 455
internal_value=4.0623e-13 5.56867e-05 0.00022458 7.0199e-06 -4.46672e-06 -8.70407e-05
internal_weight=90485 6719 1503 5216 83766 4930
internal_count=90485 6719 1503 5216 83766 4930
is_linear=0
shrinkage=0.05


Tree=65
num_leaves=7
num_cat=0
split_feature=86 28 66 2 86 84
split_gain=0.00891122 0.0220123 0.0201125 0.0163041 0.0149113 0.0397982
threshold=2.5000000000000004 0.98470610403359748 -0.010221670685624441 -0.014207413481401364 3.5000000000000004 1.0000000180025095e-35
decision_type=2 8 2 10 2 2
left_child=1 3 -3 -1 5 -2
right_child=4 2 -4 -5 -6 -7
leaf_value=0.00070527601362548682 0.00012038928607661806 -0.0001614260793075384 3.5867342833240753e-05 0.00016806118493608208 1.2504447608901483e-06 -0.00011936406764710925
leaf_weight=176 2240 1412 15169 715 63157 7616
leaf_count=176 2240 1412 15169 715 63157 7616
internal_value=2.92395e-13 3.20759e-05 1.90663e-05 0.000274178 -7.67576e-06 -6.48747e-05
internal_weight=90485 17472 16581 891 73013 9856
internal_count=90485 17472 16581 891 73013 9856
is_linear=0
shrinkage=0.05


Tree=66
num_leaves=7
num_cat=0
split_feature=27 86 68 70 87 66
split_gain=0.00859174 0.0291202 0.0325317 0.0241049 0.0112783 0.0241154
threshold=0.66881503904341388 5.5000000000000009 -0.011335872601818 0.035674940266224121 0.022382005484658744 0.021012318193745105
decision_type=10 2 2 2 10 2
left_child=4 2 -2 -3 -1 -6
right_child=1 3 -4 -5 5 -7
leaf_value=-7.3064677467426818e-07 0.00053674881069458924 -8.956941109722215e-05 5.4610988177599136e-05 -0.0011816865159198643 -9.8498736575146069e-05 -0.0010172910555825818
leaf_weight=87403 522 621 1061 55 744 79
leaf_count=87403 522 621 1061 55 744 79
internal_value=1.68233e-14 9.62859e-05 0.000213598 -0.000178425 -2.46537e-06 -0.000186694
internal_weight=90485 2259 1583 676 88226 823
internal_count=90485 2259 1583 676 88226 823
is_linear=0
shrinkage=0.05


Tree=67
num_leaves=7
num_cat=0
split_feature=0 85 18 26 89 68
split_gain=0.00871678 0.016222 0.0195447 0.0169344 0.0126352 0.0155181
threshold=0.026679544456098773 22.500000000000004 -0.04061004560526426 0.72807844461129223 0.99899598393574307 -0.011556319019261338
decision_type=10 2 8 8 10 2
left_child=4 2 -2 -3 -1 -6
right_child=1 3 -4 -5 5 -7
leaf_value=-5.3201368598683486e-06 -0.0002138573705165433 0.0001099448106354786 4.8722409474894318e-05 0.00050624786544035472 0.0011799081719946116 -6.5808914208901118e-05
leaf_weight=82951 832 1492 4781 329 50 50
leaf_count=82951 832 1492 4781 329 50 50
internal_value=3.15418e-14 5.18706e-05 9.80091e-06 0.000181545 -4.643e-06 0.00055705
internal_weight=90485 7434 5613 1821 83051 100
internal_count=90485 7434 5613 1821 83051 100
is_linear=0
shrinkage=0.05


Tree=68
num_leaves=7
num_cat=0
split_feature=59 70 24 67 66 32
split_gain=0.00844665 0.0132923 0.0215999 0.0182142 0.0123823 0.0275258
threshold=1.0698217408031228 0.042641528387424014 0.9979647955476495 0.07341151129519799 -0.022900745393473542 0.58100210443825973
decision_type=8 2 10 2 2 8
left_child=1 3 -3 -1 5 -2
right_child=4 2 -4 -5 -6 -7
leaf_value=-1.3118084347617065e-05 6.8833090305037523e-06 -0.00014968728026684553 -0.0018279726178242037 0.00030277801568287109 1.4850462493390562e-05 0.000573954326167532
leaf_weight=56893 638 73 26 460 32073 322
leaf_count=56893 638 73 26 460 32073 322
internal_value=-1.91853e-13 -1.15836e-05 -0.000590449 -1.05844e-05 2.01466e-05 0.000197088
internal_weight=90485 57452 99 57353 33033 960
internal_count=90485 57452 99 57353 33033 960
is_linear=0
shrinkage=0.05


Tree=69
num_leaves=7
num_cat=0
split_feature=40 59 61 18 65 35
split_gain=0.00822262 0.0131604 0.0123599 0.00940969 0.0282317 0.0112612
threshold=-0.32657400986076857 1.8256648960044752 1.3545665737560546 0.091260275404962024 -0.43181628192193994 0.70816300946829436
decision_type=8 10 10 10 8 10
left_child=1 2 -1 5 -5 -2
right_child=3 -3 -4 4 -6 -7
leaf_value=0.00063547338532872445 -5.699430007421733e-07 0.0013320188039610261 -0.00025728476251797041 -0.0011227937257596446 -7.4704341459802905e-05 0.00024534055371299102
leaf_weight=72 89164 28 84 72 597 468
leaf_count=72 89164 28 84 72 597 468
internal_value=3.48305e-13 0.000333906 0.000154757 -6.80376e-07 -0.000187503 7.14042e-07
internal_weight=90485 184 156 90301 669 89632
internal_count=90485 184 156 90301 669 89632
is_linear=0
shrinkage=0.05


Tree=70
num_leaves=7
num_cat=0
split_feature=85 86 21 86 86 34
split_gain=0.00817155 0.0458786 0.0819973 0.027618 0.0448236 0.0307367
threshold=19.500000000000004 10.500000000000002 -0.36354347861968983 4.5000000000000009 3.5000000000000004 0.30901601316788962
decision_type=2 2 10 2 2 10
left_child=3 -2 -3 4 -1 -5
right_child=1 2 -4 5 -6 -7
leaf_value=-7.3779942386638036e-06 -7.8040140641426864e-06 0.00037590193764656704 -6.6957539183451569e-06 -1.1727186722327512e-05 0.00015823207302266459 -0.00011878453625058111
leaf_weight=17024 26429 2343 3481 26902 5376 8930
leaf_count=17024 26429 2343 3481 26902 5376 8930
internal_value=-2.71425e-14 2.01897e-05 0.000147224 -1.11825e-05 3.23684e-05 -3.84079e-05
internal_weight=90485 32253 5824 58232 22400 35832
internal_count=90485 32253 5824 58232 22400 35832
is_linear=0
shrinkage=0.05


Tree=71
num_leaves=7
num_cat=0
split_feature=0 82 91 85 38 85
split_gain=0.00833345 0.0166568 0.0170899 0.0121239 0.0202219 0.0164742
threshold=-0.020864836366171809 5.0594395937588601 0.37594029119275957 3.5000000000000004 0.14232106107061929 16.500000000000004
decision_type=8 10 8 2 10 2
left_child=1 2 -1 4 -2 -5
right_child=3 -3 -4 5 -6 -7
leaf_value=-3.3232334119573144e-05 7.0042433874060978e-05 -0.00087733273394405851 9.8853870171176119e-05 -3.5757160849610795e-05 -0.00048674900695903515 1.1731262136469668e-05
leaf_weight=4045 6932 49 6206 35750 167 37336
leaf_count=4045 6932 49 6206 35750 167 37336
internal_value=-7.72298e-14 4.23372e-05 4.67332e-05 -5.43834e-06 5.69442e-05 -1.14977e-05
internal_weight=90485 10300 10251 80185 7099 73086
internal_count=90485 10300 10251 80185 7099 73086
is_linear=0
shrinkage=0.05


Tree=72
num_leaves=7
num_cat=0
split_feature=86 28 45 14 76 85
split_gain=0.00813994 0.0195753 0.0201616 0.0150384 0.0135341 0.0229658
threshold=2.5000000000000004 0.98470610403359748 -2.6372610252615938 -0.27271273808003998 0.3270347342637252 2.5000000000000004
decision_type=2 8 2 10 10 2
left_child=1 3 -3 -1 5 -2
right_child=4 2 -4 -5 -6 -7
leaf_value=0.0014935897414034118 0.00015527048059510475 -0.00012537729532066414 3.9532620724263141e-05 0.0002247872981406165 -3.2538659560061846e-05 1.6208699003136712e-06
leaf_weight=24 2591 2126 14455 867 30799 39623
leaf_count=24 2591 2126 14455 867 30799 39623
internal_value=1.26991e-13 3.06564e-05 1.8388e-05 0.000258964 -7.33607e-06 1.10515e-05
internal_weight=90485 17472 16581 891 73013 42214
internal_count=90485 17472 16581 891 73013 42214
is_linear=0
shrinkage=0.05


Tree=73
num_leaves=7
num_cat=0
split_feature=0 84 2 26 69 70
split_gain=0.00809738 0.0170204 0.0220065 0.0153887 0.00989589 0.026045
threshold=0.056687900079928639 3.5000000000000004 -0.030218989670470594 0.76707783296907606 0.040491731857834189 0.029665865973463691
decision_type=10 2 10 10 2 2
left_child=4 2 -2 -3 -1 -6
right_child=1 3 -4 -5 5 -7
leaf_value=-2.8301699109974426e-06 -0.0016091760669951329 0.00025865831648029124 6.4020695671588207e-05 0.0011336486806585663 0.00044048644429914513 -0.0012491695717908443
leaf_weight=88784 20 201 1128 67 260 25
leaf_count=88784 20 201 1128 67 260 25
internal_value=4.13763e-13 0.000118628 3.48709e-05 0.000477406 -1.88592e-06 0.000292271
internal_weight=90485 1416 1148 268 89069 285
internal_count=90485 1416 1148 268 89069 285
is_linear=0
shrinkage=0.05


Tree=74
num_leaves=7
num_cat=0
split_feature=8 16 71 43 59 30
split_gain=0.00792591 0.0266175 0.0353974 0.0340972 0.0103313 0.0292578
threshold=-0.10136918245675534 0.57735117139753633 0.2139138583993119 0.15730199767377775 1.3758710774338765 0.85988861435083341
decision_type=10 10 10 2 10 10
left_child=1 3 -3 -1 -2 -6
right_child=4 2 -4 -5 5 -7
leaf_value=5.8173180835809929e-05 -9.5500103369020446e-06 0.0017836975182525259 8.1447817344294007e-05 -0.0016929785343823564 3.8690039277839753e-05 0.0014472293063394121
leaf_weight=3851 76149 52 74 28 10294 37
leaf_count=3851 76149 52 74 28 10294 37
internal_value=-6.47793e-13 6.87643e-05 0.000783964 4.55327e-05 -3.18456e-06 4.37347e-05
internal_weight=90485 4005 126 3879 86480 10331
internal_count=90485 4005 126 3879 86480 10331
is_linear=0
shrinkage=0.05


Tree=75
num_leaves=7
num_cat=0
split_feature=70 84 63 31 90 85
split_gain=0.00774302 0.0415664 0.0242554 0.0185029 0.0169976 0.0392476
threshold=0.027613836648598337 3.5000000000000004 113740600.00000001 0.52037784788568253 1.9435462788726314 10.500000000000002
decision_type=2 2 2 10 10 2
left_child=4 2 -2 -3 -1 -6
right_child=1 3 -4 -5 5 -7
leaf_value=-3.2831115891437283e-06 -9.1847665491602638e-05 0.00012498154724960696 -0.00055775735467259824 0.00093926155733307893 0.00028927804978996254 -8.604175957264163e-06
leaf_weight=83839 1025 185 384 112 1671 3269
leaf_count=83839 1025 185 384 112 1671 3269
internal_value=-2.56265e-13 -0.000105512 -0.000218824 0.00043205 2.02755e-06 9.21572e-05
internal_weight=90485 1706 1409 297 88779 4940
internal_count=90485 1706 1409 297 88779 4940
is_linear=0
shrinkage=0.05


Tree=76
num_leaves=7
num_cat=0
split_feature=85 86 87 84 85 51
split_gain=0.00779626 0.0211487 0.0316837 0.0201893 0.0136605 0.0282615
threshold=28.500000000000004 9.5000000000000018 0.0059079863886507987 1.5000000000000002 26.500000000000004 47.058854957124048
decision_type=2 2 10 2 2 10
left_child=4 2 -2 -3 -1 -6
right_child=1 3 -4 -5 5 -7
leaf_value=8.9263946605222641e-07 7.6834224837915284e-05 -0.00025059883019845793 0.0005385977365802029 4.008563781235454e-05 -0.00021296658109635092 2.7005806456207244e-05
leaf_weight=78836 3617 896 414 1792 2299 2631
leaf_count=78836 3617 896 414 1792 2299 2631
internal_value=-3.23111e-14 5.18211e-05 0.000124259 -5.68092e-05 -4.15665e-06 -8.49002e-05
internal_weight=90485 6719 4031 2688 83766 4930
internal_count=90485 6719 4031 2688 83766 4930
is_linear=0
shrinkage=0.05


Tree=77
num_leaves=7
num_cat=0
split_feature=71 92 47 85 68 85
split_gain=0.00764561 0.0308467 0.0397909 0.0137924 0.0275427 0.0170766
threshold=0.19415322185197212 0.70743172778381991 -5.6041248303294218 3.5000000000000004 -0.011806780213685352 16.500000000000004
decision_type=8 2 2 2 2 2
left_child=1 -1 -3 4 -2 -5
right_child=3 2 -4 5 -6 -7
leaf_value=1.8031018505571272e-05 -0.00024962613996907287 0.0017491083601307051 0.00026817539667518294 -4.0533352662732994e-05 9.5147825670880221e-05 1.0871155173805611e-05
leaf_weight=18823 642 51 410 32000 5928 32631
leaf_count=18823 642 51 410 32000 5928 32631
internal_value=9.19455e-14 2.79275e-05 0.00043201 -7.56386e-06 6.14576e-05 -1.45802e-05
internal_weight=90485 19284 461 71201 6570 64631
internal_count=90485 19284 461 71201 6570 64631
is_linear=0
shrinkage=0.05


Tree=78
num_leaves=7
num_cat=0
split_feature=84 25 90 85 85 66
split_gain=0.00753995 0.0267219 0.0272723 0.0227468 0.015966 0.0272597
threshold=1.0000000180025095e-35 1.0103106395756674 1.2769317259673285 15.500000000000002 2.5000000000000004 -0.038829891344919647
decision_type=2 10 8 2 2 2
left_child=1 2 -1 -3 5 -2
right_child=4 3 -4 -5 -6 -7
leaf_value=-2.1806396223879886e-05 0.0016226095052090763 -0.00095935258949786601 0.00010425413412515569 0.0001896585922236916 -1.2371706951659111e-05 8.3406103569050303e-05
leaf_weight=9358 29 124 7923 66 69431 3554
leaf_count=9358 29 124 7923 66 69431 3554
internal_value=-2.52258e-13 2.9506e-05 3.59899e-05 -0.000560222 -7.06028e-06 9.58641e-05
internal_weight=90485 17471 17281 190 73014 3583
internal_count=90485 17471 17281 190 73014 3583
is_linear=0
shrinkage=0.05


Tree=79
num_leaves=7
num_cat=0
split_feature=86 51 27 90 86 84
split_gain=0.00751282 0.0190119 0.033019 0.0218423 0.0136368 0.0348751
threshold=2.5000000000000004 72.243275417926199 0.66881503904341388 2.1302053524253952 3.5000000000000004 1.0000000180025095e-35
decision_type=2 10 8 8 2 2
left_child=1 2 -1 -3 5 -2
right_child=4 3 -4 -5 -6 -7
leaf_value=5.5806186222312961e-05 0.00011167936859032628 -1.216148657173914e-05 0.00063363523034423979 -0.0003542297299068097 1.4884024745427324e-06 -0.00011275560891255311
leaf_weight=10845 2240 5867 253 507 63157 7616
leaf_count=10845 2240 5867 253 507 63157 7616
internal_value=-9.58396e-14 2.94518e-05 6.89789e-05 -3.93702e-05 -7.04781e-06 -6.17477e-05
internal_weight=90485 17472 11098 6374 73013 9856
internal_count=90485 17472 11098 6374 73013 9856
is_linear=0
shrinkage=0.05


Tree=80
num_leaves=7
num_cat=0
split_feature=26 18 75 63 14 75
split_gain=0.00732696 0.031461 0.0224406 0.0165378 0.00832653 0.0136873
threshold=1.1128707807083658 -0.083697937683770637 -0.22390644582321043 149014650.00000003 1.3463031757903985 -0.16579662679817359
decision_type=10 10 8 2 10 10
left_child=4 3 -3 -2 -1 -6
right_child=1 2 -4 -5 5 -7
leaf_value=-2.156685878854716e-07 0.00011559069538727785 0.0016378316813834796 0.00031444015085740191 -0.0013226445532892265 0.00047609351002737078 -0.00062389181371448415
leaf_weight=90006 39 38 204 41 37 120
leaf_count=90006 39 38 204 41 37 120
internal_value=-2.16536e-13 0.000238084 0.000522245 -0.000621505 -8.50271e-07 -0.00036466
internal_weight=90485 322 242 80 90163 157
internal_count=90485 322 242 80 90163 157
is_linear=0
shrinkage=0.05


Tree=81
num_leaves=7
num_cat=0
split_feature=0 18 20 83 89 25
split_gain=0.00719482 0.0142384 0.0196961 0.0167806 0.011359 0.0142738
threshold=0.026679544456098773 -0.04061004560526426 0.091996557396673909 -0.034107334874476945 0.99899598393574307 1.0839485788954051
decision_type=10 10 10 8 10 10
left_child=4 2 -2 -3 -1 -6
right_child=1 3 -4 -5 5 -7
leaf_value=-4.8602644704000714e-06 -7.3499303724407518e-05 0.0001781519965707487 -0.0011299246307475109 1.1025879024607118e-05 4.0606748824150904e-05 0.0012599729537032544
leaf_weight=82951 1080 2466 46 3842 60 40
leaf_count=82951 1080 2466 46 3842 60 40
internal_value=-5.84331e-14 4.71252e-05 -0.000116657 7.63609e-05 -4.21823e-06 0.000528353
internal_weight=90485 7434 1126 6308 83051 100
internal_count=90485 7434 1126 6308 83051 100
is_linear=0
shrinkage=0.05


Tree=82
num_leaves=7
num_cat=0
split_feature=8 42 19 87 32 0
split_gain=0.00713733 0.0296989 0.0267693 0.0101828 0.0145626 0.00879001
threshold=-0.1183119626864607 0.13277074685355386 0.047271557692789019 -0.0053702212586659243 0.39501957494776113 -0.020864836366171809
decision_type=10 2 8 10 10 10
left_child=1 2 -1 4 -2 -5
right_child=3 -3 -4 5 -6 -7
leaf_value=0.000309090563850803 -2.791290746819421e-05 -0.0018487604829715565 -6.6535822882672273e-06 5.4976807200355328e-05 -0.00021362459607768495 -2.3263317945702031e-06
leaf_weight=941 7875 20 2342 7392 1219 70696
leaf_count=941 7875 20 2342 7392 1219 70696
internal_value=-1.60201e-14 7.21454e-05 8.38476e-05 -2.73332e-06 -5.28065e-05 3.09812e-06
internal_weight=90485 3303 3283 87182 9094 78088
internal_count=90485 3303 3283 87182 9094 78088
is_linear=0
shrinkage=0.05


Tree=83
num_leaves=7
num_cat=0
split_feature=40 85 66 18 65 69
split_gain=0.00706297 0.01182 0.0132964 0.00910924 0.0248702 0.00952016
threshold=-0.32657400986076857 21.500000000000004 -0.011497510352128813 0.091260275404962024 -0.43181628192193994 0.030878182978165043
decision_type=8 2 2 10 8 2
left_child=1 2 -1 5 -5 -2
right_child=3 -3 -4 4 -6 -7
leaf_value=-0.0010244410242075507 -9.6923233189865097e-07 0.00098402299336157743 0.00029443137912582958 -0.0010622916528114324 -7.8575834043825661e-05 0.00015596759395298125
leaf_weight=23 88655 48 113 72 597 977
leaf_count=23 88655 48 113 72 597 977
internal_value=-2.10567e-13 0.000309466 7.13868e-05 -6.30577e-07 -0.000184447 7.41399e-07
internal_weight=90485 184 136 90301 669 89632
internal_count=90485 184 136 90301 669 89632
is_linear=0
shrinkage=0.05


Tree=84
num_leaves=7
num_cat=0
split_feature=70 84 63 31 90 85
split_gain=0.00698558 0.0371862 0.0214921 0.0164709 0.0145383 0.0352649
threshold=0.027613836648598337 3.5000000000000004 113740600.00000001 0.52037784788568253 1.9435462788726314 10.500000000000002
decision_type=2 2 2 10 10 2
left_child=4 2 -2 -3 -1 -6
right_child=1 3 -4 -5 5 -7
leaf_value=-2.9856445838470121e-06 -8.7869020307041918e-05 0.00011851485174345824 -0.00052643785025831378 0.00088678192564007729 0.00027213233368857001 -1.0231445242906013e-05
leaf_weight=83839 1025 185 384 112 1671 3269
leaf_count=83839 1025 185 384 112 1671 3269
internal_value=2.40479e-13 -0.000100219 -0.000207394 0.000408232 1.92583e-06 8.52807e-05
internal_weight=90485 1706 1409 297 88779 4940
internal_count=90485 1706 1409 297 88779 4940
is_linear=0
shrinkage=0.05


Tree=85
num_leaves=7
num_cat=0
split_feature=85 22 33 86 85 10
split_gain=0.00679293 0.0190949 0.0132377 0.0126911 0.0126084 0.0264967
threshold=28.500000000000004 -0.27131623856703779 0.52468944516609239 9.5000000000000018 25.500000000000004 0.091389944726285491
decision_type=2 8 10 2 2 10
left_child=4 2 -2 -3 -1 -6
right_child=1 3 -4 -5 5 -7
leaf_value=2.4516834055953147e-06 0.00025850619296501726 8.8976819112862861e-05 0.0010408976909343098 -5.3907229844534014e-05 -8.8795943797597169e-05 0.00025897829767123297
leaf_weight=75701 280 3684 67 2688 7474 591
leaf_count=75701 280 3684 67 2688 7474 591
internal_value=2.49543e-13 4.83718e-05 0.000409573 2.87018e-05 -3.87997e-06 -6.33112e-05
internal_weight=90485 6719 347 6372 83766 8065
internal_count=90485 6719 347 6372 83766 8065
is_linear=0
shrinkage=0.05


Tree=86
num_leaves=7
num_cat=0
split_feature=85 86 35 86 84 34
split_gain=0.0069231 0.0442773 0.0716782 0.0245109 0.0431273 0.0288298
threshold=19.500000000000004 10.500000000000002 0.5586891074289525 4.5000000000000009 3.5000000000000004 0.30901601316788962
decision_type=2 2 8 2 2 10
left_child=3 -2 -3 4 -1 -5
right_child=1 2 -4 5 -6 -7
leaf_value=-1.7699488353278585e-06 -8.91731252356316e-06 2.308322585777026e-05 0.00039915025149649027 -1.010130786978781e-05 0.00017881382580661523 -0.00011378448634066579
leaf_weight=18368 26429 3961 1863 26902 4032 8930
leaf_count=18368 26429 3961 1863 26902 4032 8930
internal_value=1.75182e-14 1.85835e-05 0.000143381 -1.02929e-05 3.07351e-05 -3.59411e-05
internal_weight=90485 32253 5824 58232 22400 35832
internal_count=90485 32253 5824 58232 22400 35832
is_linear=0
shrinkage=0.05


Tree=87
num_leaves=7
num_cat=0
split_feature=71 92 47 68 31 2
split_gain=0.0068714 0.0226054 0.0358842 0.0129701 0.0244052 0.0138382
threshold=0.17895111105645886 0.70743172778381991 -2.5909577868435147 -0.056114816540406752 0.55225460922948055 -0.07899545011762614
decision_type=8 2 2 2 10 8
left_child=1 -1 -3 4 -2 -5
right_child=3 2 -4 5 -6 -7
leaf_value=1.9065959935679036e-05 -0.00015076012080072947 0.001217144814087078 0.00013163588085955558 -0.00027152808945822972 0.001121921741287224 -5.9873464331037459e-06
leaf_weight=17441 79 100 319 494 72 71980
leaf_count=17441 79 100 319 494 72 71980
internal_value=-2.42876e-13 2.77848e-05 0.000390707 -6.83285e-06 0.000456082 -7.79734e-06
internal_weight=90485 17860 419 72625 151 72474
internal_count=90485 17860 419 72625 151 72474
is_linear=0
shrinkage=0.05


Tree=88
num_leaves=7
num_cat=0
split_feature=14 68 70 48 26 74
split_gain=0.0066756 0.0194866 0.0169705 0.0161471 0.0110846 0.015997
threshold=1.3463031757903985 -0.026737918665554843 0.027613836648598337 43.978166380826359 1.1128707807083658 -0.11460505201231901
decision_type=10 2 2 10 10 2
left_child=4 3 -3 -2 -1 -6
right_child=1 2 -4 -5 5 -7
leaf_value=-1.7245920812153743e-07 -0.00010771343077067287 -0.00020633226868853918 -0.0012547945549913665 0.0016658547367634519 -0.00010759301108053132 0.0007295562406710815
leaf_weight=90006 33 142 53 21 105 125
leaf_count=90006 33 142 53 21 105 125
internal_value=1.45024e-13 -0.000258534 -0.000491299 0.000582008 7.13406e-07 0.000347379
internal_weight=90485 249 195 54 90236 230
internal_count=90485 249 195 54 90236 230
is_linear=0
shrinkage=0.05


Tree=89
num_leaves=7
num_cat=0
split_feature=49 37 46 84 85 59
split_gain=0.00656325 0.020995 0.0243321 0.0118086 0.0264853 0.011179
threshold=33.189698097260873 -0.069722856052135504 34.132386963180515 1.0000000180025095e-35 2.5000000000000004 1.3758710774338765
decision_type=8 8 2 2 2 10
left_child=3 2 -2 4 -1 -3
right_child=1 5 -4 -5 -6 -7
leaf_value=-0.00066525450643153082 0.00019489526284227279 -5.2610140346124048e-06 0.0017178220452883073 -7.593744597984614e-05 0.00015033177066386949 5.3077898080513677e-05
leaf_weight=108 917 72962 27 5947 1271 9253
leaf_count=108 917 72962 27 5947 1271 9253
internal_value=4.28488e-13 3.99687e-06 0.000238454 -4.53693e-05 8.6457e-05 1.30482e-06
internal_weight=90485 83159 944 7326 1379 82215
internal_count=90485 83159 944 7326 1379 82215
is_linear=0
shrinkage=0.05


Tree=90
num_leaves=7
num_cat=0
split_feature=8 36 47 87 68 32
split_gain=0.00656287 0.0395081 0.0102404 0.00895316 0.0136679 0.0134369
threshold=inf 0.031444088259975141 1.3068147121282514 -0.0053702212586659243 -0.069588601143611969 0.3917705609628091
decision_type=8 8 2 10 2 10
left_child=3 -2 -3 5 -5 -1
right_child=1 2 -4 4 -6 -7
leaf_value=-2.3874936972205578e-05 0.00052039298129439757 1.5830183991760789e-06 -0.00079763092571960364 0.0003996023603583046 2.2380810997002904e-06 -0.00019484137308611917
leaf_weight=8002 422 1787 41 217 78674 1342
leaf_count=8002 422 1787 41 217 78674 1342
internal_value=-4.38377e-13 8.43253e-05 -1.63425e-05 -2.1503e-06 3.33108e-06 -4.84294e-05
internal_weight=90485 2250 1828 88235 78891 9344
internal_count=90485 2250 1828 88235 78891 9344
is_linear=0
shrinkage=0.05


Tree=91
num_leaves=7
num_cat=0
split_feature=40 59 61 18 22 35
split_gain=0.00658048 0.0113604 0.010925 0.00817522 0.0231701 0.00864161
threshold=-0.32657400986076857 1.8256648960044752 1.3545665737560546 0.091260275404962024 -0.52387432097265496 0.70816300946829436
decision_type=8 10 10 10 8 10
left_child=1 2 -1 5 -5 -2
right_child=3 -3 -4 4 -6 -7
leaf_value=0.00058421435677600035 -4.3369266859740763e-07 0.0012260536510439125 -0.00025512551079113371 -0.00094088221506798044 -6.1731050887176955e-05 0.00021498386273207843
leaf_weight=72 89164 28 84 86 583 468
leaf_count=72 89164 28 84 86 583 468
internal_value=-6.07463e-14 0.000298709 0.000132262 -6.08658e-07 -0.000174746 6.91078e-07
internal_weight=90485 184 156 90301 669 89632
internal_count=90485 184 156 90301 669 89632
is_linear=0
shrinkage=0.05


Tree=92
num_leaves=7
num_cat=0
split_feature=70 84 40 29 90 85
split_gain=0.00639986 0.0328809 0.0200847 0.0152394 0.0126466 0.0323398
threshold=0.027613836648598337 3.5000000000000004 -0.28357956946181223 16.336536952427458 1.9435462788726314 10.500000000000002
decision_type=2 2 10 10 10 2
left_child=4 2 -2 -3 -1 -6
right_child=1 3 -4 -5 5 -7
leaf_value=-2.7374825745361352e-06 9.5451639081366892e-05 0.00017215450793854752 -0.00031868228396946864 0.00099293783898342781 0.00025852087942366061 -1.1878922022516773e-05
leaf_weight=83839 415 221 994 76 1671 3269
leaf_count=83839 415 221 994 76 1671 3269
internal_value=5.94895e-13 -9.59252e-05 -0.000196705 0.000382187 1.84332e-06 7.95863e-05
internal_weight=90485 1706 1409 297 88779 4940
internal_count=90485 1706 1409 297 88779 4940
is_linear=0
shrinkage=0.05


Tree=93
num_leaves=7
num_cat=0
split_feature=85 85 86 85 86 86
split_gain=0.00653808 0.0392771 0.0586087 0.0352245 0.0182163 0.0339112
threshold=16.500000000000004 13.500000000000002 5.5000000000000009 12.500000000000002 4.5000000000000009 2.5000000000000004
decision_type=2 2 2 2 2 2
left_child=1 3 -3 -1 5 -2
right_child=4 2 -4 -5 -6 -7
leaf_value=-5.3814390435797561e-06 5.0886804453838193e-05 2.8273645275032346e-05 -0.00023450533176219303 0.00016914183646356086 4.2649327307068477e-05 -8.8842925156380095e-05
leaf_weight=37178 8064 4032 4479 3135 24189 9408
leaf_count=37178 8064 4032 4479 3135 24189 9408
internal_value=3.10806e-14 -1.24152e-05 -0.000110016 8.19062e-06 1.45499e-05 -2.43523e-05
internal_weight=90485 48824 8511 40313 41661 17472
internal_count=90485 48824 8511 40313 41661 17472
is_linear=0
shrinkage=0.05


Tree=94
num_leaves=7
num_cat=0
split_feature=84 85 6 25 85 66
split_gain=0.00642052 0.025035 0.036433 0.0258719 0.0146887 0.0206826
threshold=1.0000000180025095e-35 29.500000000000004 -0.028484125890001651 1.0103106395756674 3.5000000000000004 0.014539295907738161
decision_type=2 2 10 10 2 2
left_child=1 3 -3 -1 5 -2
right_child=4 2 -4 -5 -6 -7
leaf_value=2.3996735900632002e-05 9.6004990754046428e-05 0.00098386566373901796 5.0228841929368935e-05 -0.00056894688456840645 -1.3117135514724994e-05 -0.0002674517616710912
leaf_weight=16837 5401 166 282 186 67191 422
leaf_count=16837 5401 166 282 186 67191 422
internal_value=1.62474e-13 2.72277e-05 0.000396175 1.7518e-05 -6.51512e-06 6.96648e-05
internal_weight=90485 17471 448 17023 73014 5823
internal_count=90485 17471 448 17023 73014 5823
is_linear=0
shrinkage=0.05


Tree=95
num_leaves=7
num_cat=0
split_feature=65 18 16 35 87 36
split_gain=0.00640609 0.0220916 0.0316246 0.0111006 0.0346324 0.0108014
threshold=-0.39683957734807646 0.091260275404962024 0.21971652095068742 0.70816300946829436 0.0053671454733226513 -0.056702722314581892
decision_type=8 10 10 10 8 10
left_child=1 5 -3 -2 -5 -1
right_child=3 2 -4 4 -6 -7
leaf_value=0.00071840279083699001 8.3045285246979776e-06 -6.8222913653292547e-05 -0.0021678467443742759 -0.00042740379180985241 0.00070599711882189306 -1.7067007491764778e-05
leaf_weight=50 58080 47 29 103 195 31981
leaf_count=50 58080 47 29 103 195 31981
internal_value=5.2467e-14 -1.79392e-05 -0.000869395 9.86628e-06 0.000314251 -1.59189e-05
internal_weight=90485 32107 76 58378 298 32031
internal_count=90485 32107 76 58378 298 32031
is_linear=0
shrinkage=0.05


Tree=96
num_leaves=7
num_cat=0
split_feature=14 68 70 8 69 46
split_gain=0.00634722 0.0171462 0.0151462 0.0146738 0.009823 0.0435027
threshold=1.3463031757903985 -0.026737918665554843 0.027613836648598337 0.092946672562828417 0.040491731857834189 20.69684561398449
decision_type=10 2 2 10 2 2
left_child=4 3 -3 -2 -1 -6
right_child=1 2 -4 -5 5 -7
leaf_value=-2.8541488379786707e-07 -0.00012114375219398151 -0.00020122103227882872 -0.0011917261221860141 0.0015695734484844643 9.2846494342061899e-05 0.0021242378281573927
leaf_weight=89918 33 142 53 21 289 29
leaf_count=89918 33 142 53 21 289 29
internal_value=2.86196e-13 -0.000252095 -0.000470435 0.000536357 6.95638e-07 0.000278099
internal_weight=90485 249 195 54 90236 318
internal_count=90485 249 195 54 90236 318
is_linear=0
shrinkage=0.05


Tree=97
num_leaves=7
num_cat=0
split_feature=0 48 22 66 18 14
split_gain=0.00613342 0.0159595 0.0274181 0.0215477 0.00765831 0.0192072
threshold=0.056687900079928639 87.069088879064097 -0.92567659787037992 -0.03246039398215559 0.091260275404962024 0.42030641291892629
decision_type=10 8 8 2 10 10
left_child=4 3 -3 -2 -1 -6
right_child=1 2 -4 -5 5 -7
leaf_value=-4.1584299097074951e-07 0.0017820669095575188 -0.00091062020595472865 6.0312836425063117e-05 0.0002493070502476732 -8.9051589285284725e-05 -0.0010600846785304644
leaf_weight=88451 24 80 798 514 562 56
leaf_count=88451 24 80 798 514 562 56
internal_value=-7.65086e-14 0.000103244 -2.81549e-05 0.000317683 -1.64135e-06 -0.000177042
internal_weight=90485 1416 878 538 89069 618
internal_count=90485 1416 878 538 89069 618
is_linear=0
shrinkage=0.05


Tree=98
num_leaves=7
num_cat=0
split_feature=71 92 47 10 85 68
split_gain=0.00614497 0.0221859 0.0308299 0.0108575 0.010643 0.0247417
threshold=0.19415322185197212 0.70743172778381991 -5.6041248303294218 0.06228997534035597 3.5000000000000004 -0.011806780213685352
decision_type=8 2 2 10 2 2
left_child=1 3 -3 -1 5 -2
right_child=4 2 -4 -5 -6 -7
leaf_value=2.8481474660774611e-05 -0.00024099160702796874 0.0015270744647839856 0.00022351800733659045 -0.00010517911681983739 -1.2944453344380309e-05 8.5781341837256077e-05
leaf_weight=17156 642 51 410 1667 64631 5928
leaf_count=17156 642 51 410 1667 64631 5928
internal_value=-1.01097e-13 2.50372e-05 0.000367729 1.66442e-05 -6.78105e-06 5.38501e-05
internal_weight=90485 19284 461 18823 71201 6570
internal_count=90485 19284 461 18823 71201 6570
is_linear=0
shrinkage=0.05


Tree=99
num_leaves=7
num_cat=0
split_feature=85 85 86 85 25 86
split_gain=0.00628201 0.0346795 0.0529438 0.0321615 0.017076 0.0157445
threshold=16.500000000000004 13.500000000000002 5.5000000000000009 12.500000000000002 0.94389748612768254 4.5000000000000009
decision_type=2 2 2 2 8 2
left_child=1 3 -3 -1 5 -2
right_child=4 2 -4 -5 -6 -7
leaf_value=-5.7759066867282043e-06 -2.6851240314641075e-05 2.7556219130669351e-05 -0.0002222005256988405 0.00016098677974898956 0.00022483737148570076 3.6063641316617159e-05
leaf_weight=37178 17260 4032 4479 3135 941 23460
leaf_count=37178 17260 4032 4479 3135 941 23460
internal_value=7.39163e-15 -1.21697e-05 -0.000103881 7.19264e-06 1.42621e-05 9.39589e-06
internal_weight=90485 48824 8511 40313 41661 40720
internal_count=90485 48824 8511 40313 41661 40720
is_linear=0
shrinkage=0.05


end of trees

feature_importances:
day_of_month=142
month=66
day_of_week=30
return_1d=29
volatility_120d=24
overnight_gap=24
day_of_week_seasonality=21
momentum_spread_1_3d=18
lower_wick_pct=18
body_pct=15
momentum_spread_20_120d=13
var_5pct_20d=11
beta_60d=11
rsi_28=9
volume_ratio_10d=9
price_vs_sma_100d=8
return_120d=7
stochastic_k_5d=7
close_location=7
return_5d=6
return_60d=6
price_vs_sma_5d=6
return_2d=5
volatility_20d=5
garman_klass_vol_60d=5
volume_zscore_20d=5
day_range_pct=5
momentum_spread_10_60d=4
volatility_10d=4
parkinson_vol_20d=4
garman_klass_vol_20d=4
price_vs_sma_20d=4
macd_hist=4
correlation_60d=4
momentum_spread_3_5d=3
volatility_5d=3
volatility_60d=3
parkinson_vol_60d=3
rsi_2=3
stochastic_d_14d=3
volume_ratio_60d=3
obv=3
upper_wick_pct=3
sharpe_60d=3
relative_strength=3
return_4d=2
return_10d=2
price_vs_ema_26d=2
macd_signal=2
return_autocorr_20d=2
sharpe_20d=2
return_rank_20d=2
return_3d=1
momentum_spread_2_4d=1
atr_14=1
parkinson_vol_10d=1
garman_klass_vol_10d=1
price_vs_sma_10d=1
price_vs_ema_12d=1
price_vs_ema_50d=1
macd_line=1
rsi_14=1
volume_ratio_20d=1
max_drawdown_20d=1
var_5pct_60d=1

parameters:
[boosting: gbdt]
[objective: regression]
[metric: l1]
[tree_learner: serial]
[device_type: cpu]
[data_sample_strategy: bagging]
[data: ]
[valid: ]
[num_iterations: 100]
[learning_rate: 0.05]
[num_leaves: 7]
[num_threads: 0]
[seed: 0]
[deterministic: 0]
[force_col_wise: 0]
[force_row_wise: 0]
[histogram_pool_size: -1]
[max_depth: 3]
[min_data_in_leaf: 20]
[min_sum_hessian_in_leaf: 0.001]
[bagging_fraction: 1]
[pos_bagging_fraction: 1]
[neg_bagging_fraction: 1]
[bagging_freq: 0]
[bagging_seed: 3]
[bagging_by_query: 0]
[feature_fraction: 1]
[feature_fraction_bynode: 1]
[feature_fraction_seed: 2]
[extra_trees: 0]
[extra_seed: 6]
[early_stopping_round: 0]
[early_stopping_min_delta: 0]
[first_metric_only: 0]
[max_delta_step: 0]
[lambda_l1: 0]
[lambda_l2: 0]
[linear_lambda: 0]
[min_gain_to_split: 0]
[drop_rate: 0.1]
[max_drop: 50]
[skip_drop: 0.5]
[xgboost_dart_mode: 0]
[uniform_drop: 0]
[drop_seed: 4]
[top_rate: 0.2]
[other_rate: 0.1]
[min_data_per_group: 100]
[max_cat_threshold: 32]
[cat_l2: 10]
[cat_smooth: 10]
[max_cat_to_onehot: 4]
[top_k: 20]
[monotone_constraints: ]
[monotone_constraints_method: basic]
[monotone_penalty: 0]
[feature_contri: ]
[forcedsplits_filename: ]
[refit_decay_rate: 0.9]
[cegb_tradeoff: 1]
[cegb_penalty_split: 0]
[cegb_penalty_feature_lazy: ]
[cegb_penalty_feature_coupled: ]
[path_smooth: 0]
[interaction_constraints: ]
[verbosity: -1]
[saved_feature_importance_type: 0]
[use_quantized_grad: 0]
[num_grad_quant_bins: 4]
[quant_train_renew_leaf: 0]
[stochastic_rounding: 1]
[linear_tree: 0]
[max_bin: 255]
[max_bin_by_feature: ]
[min_data_in_bin: 3]
[bin_construct_sample_cnt: 200000]
[data_random_seed: 1]
[is_enable_sparse: 1]
[enable_bundle: 1]
[use_missing: 1]
[zero_as_missing: 0]
[feature_pre_filter: 1]
[pre_partition: 0]
[two_round: 0]
[header: 0]
[label_column: ]
[weight_column: ]
[group_column: ]
[ignore_column: ]
[categorical_feature: ]
[forcedbins_filename: ]
[precise_float_parser: 0]
[parser_config_file: ]
[objective_seed: 5]
[num_class: 1]
[is_unbalance: 0]
[scale_pos_weight: 1]
[sigmoid: 1]
[boost_from_average: 1]
[reg_sqrt: 0]
[alpha: 0.9]
[fair_c: 1]
[poisson_max_delta_step: 0.7]
[tweedie_variance_power: 1.5]
[lambdarank_truncation_level: 30]
[lambdarank_norm: 1]
[label_gain: ]
[lambdarank_position_bias_regularization: 0]
[eval_at: ]
[multi_error_top_k: 1]
[auc_mu_weights: ]
[num_machines: 1]
[local_listen_port: 12400]
[time_out: 120]
[machine_list_filename: ]
[machines: ]
[gpu_platform_id: -1]
[gpu_device_id: -1]
[gpu_device_id_list: ]
[gpu_use_dp: 0]
[num_gpu: 1]

end of parameters

pandas_categorical:[]
